# omega0=1, alpha=5.00
# theta0=0.80, theta_dot0=0.00
# t_start=0.00, t_end=50.00, h=0.01
#   t          x(t)                 v(t)       
0.00  8.000000000000000e-01  0.000000000000000e+00
9.119282013323059e-02 7.974244422457064e-01 -5.248332686815792e-02
1.823856402664613e-01 7.910155585216064e-01 -8.550418037423226e-02
2.735784603996920e-01 7.822069838876331e-01 -1.060323473146906e-01
3.647712805329227e-01 7.719189556903782e-01 -1.185414299916379e-01
4.559641006661534e-01 7.607421893365371e-01 -1.259028065667351e-01
5.471569207993838e-01 7.490558875324690e-01 -1.299596804526829e-01
6.383497409326140e-01 7.371034655482723e-01 -1.318955037502353e-01
7.295425610658441e-01 7.250411425574820e-01 -1.324703676895976e-01
8.207353811990743e-01 7.129691240567174e-01 -1.321726631890613e-01
9.119282013323045e-01 7.009516152647028e-01 -1.313163831890472e-01
1.003121021465535e+00 6.890296684473964e-01 -1.301035552942796e-01
1.094313841598765e+00 6.772294319706926e-01 -1.286643059915585e-01
1.185506661731995e+00 6.655674483448728e-01 -1.270825746525767e-01
1.276699481865225e+00 6.540540581037426e-01 -1.254126201527486e-01
1.367892301998455e+00 6.426955876566783e-01 -1.236896189492983e-01
1.459085122131685e+00 6.314957563200828e-01 -1.219364709123907e-01
1.550277942264916e+00 6.204565818768691e-01 -1.201681707760683e-01
1.641470762398146e+00 6.095789640025246e-01 -1.183946165980640e-01
1.732663582531376e+00 5.988630607112081e-01 -1.166224145277491e-01
1.823856402664606e+00 5.883085317748151e-01 -1.148560389320841e-01
1.915049222797836e+00 5.779146966165043e-01 -1.130985784180293e-01
2.006242042931067e+00 5.676806371948553e-01 -1.113522158015112e-01
2.097434863064297e+00 5.576052654861123e-01 -1.096185371159030e-01
2.188627683197527e+00 5.476873681647322e-01 -1.078987307484944e-01
2.279820503330757e+00 5.379256365806299e-01 -1.061937159547365e-01
2.371013323463987e+00 5.283186872388553e-01 -1.045042259721232e-01
2.462206143597217e+00 5.188650761285162e-01 -1.028308619433050e-01
2.553398963730448e+00 5.095633090529988e-01 -1.011741280671264e-01
2.644591783863678e+00 5.004118493455867e-01 -9.953445467472505e-02
2.735784603996908e+00 4.914091238609126e-01 -9.791221353580523e-02
2.826977424130138e+00 4.825535278153518e-01 -9.630772816252890e-02
2.918170244263368e+00 4.738434288454696e-01 -9.472128088990138e-02
3.009363064396598e+00 4.652771705225255e-01 -9.315311787592274e-02
3.100555884529828e+00 4.568530754767793e-01 -9.160345275609245e-02
3.191748704663059e+00 4.485694482312173e-01 -9.007246942407776e-02
3.282941524796289e+00 4.404245778095581e-01 -8.856032424140874e-02
3.374134344929519e+00 4.324167401610950e-01 -8.706714787045806e-02
3.465327165062749e+00 4.245442004306346e-01 -8.559304685517344e-02
3.556519985195979e+00 4.168052150926311e-01 -8.413810502920462e-02
3.647712805329209e+00 4.091980339627655e-01 -8.270238480229833e-02
3.738905625462440e+00 4.017209020964819e-01 -8.128592835739452e-02
3.830098445595670e+00 3.943720615816106e-01 -7.988875877905818e-02
3.921291265728900e+00 3.871497532306979e-01 -7.851088112634935e-02
4.012484085862130e+00 3.800522181777028e-01 -7.715228345844778e-02
4.103676905995361e+00 3.730776993831080e-01 -7.581293781831960e-02
4.194869726128591e+00 3.662244430511076e-01 -7.449280117781447e-02
4.286062546261821e+00 3.594906999622793e-01 -7.319181634640380e-02
4.377255366395051e+00 3.528747267249855e-01 -7.190991284505253e-02
4.468448186528281e+00 3.463747869486325e-01 -7.064700774629139e-02
4.559641006661511e+00 3.399891523418295e-01 -6.940300648131335e-02
4.650833826794742e+00 3.337161037384229e-01 -6.817780361479177e-02
4.742026646927972e+00 3.275539320543214e-01 -6.697128358805862e-02
4.833219467061202e+00 3.215009391779659e-01 -6.578332143126678e-02
4.924412287194432e+00 3.155554387972467e-01 -6.461378344516763e-02
5.015605107327662e+00 3.097157571656080e-01 -6.346252785315641e-02
5.106797927460892e+00 3.039802338100200e-01 -6.232940542426376e-02
5.197990747594122e+00 2.983472221834380e-01 -6.121426006779847e-02
5.289183567727353e+00 2.928150902642974e-01 -6.011692940037297e-02
5.380376387860583e+00 2.873822211055325e-01 -5.903724528606481e-02
5.471569207993813e+00 2.820470133355313e-01 -5.797503435048715e-02
5.562762028127043e+00 2.768078816133699e-01 -5.693011846955549e-02
5.653954848260273e+00 2.716632570405998e-01 -5.590231523374886e-02
5.745147668393503e+00 2.666115875317835e-01 -5.489143838867099e-02
5.836340488526734e+00 2.616513381459045e-01 -5.389729825271936e-02
5.927533308659964e+00 2.567809913807016e-01 -5.291970211267059e-02
6.018726128793194e+00 2.519990474319055e-01 -5.195845459798663e-02
6.109918948926424e+00 2.473040244192814e-01 -5.101335803464064e-02
6.201111769059654e+00 2.426944585813079e-01 -5.008421277925224e-02
6.292304589192884e+00 2.381689044402543e-01 -4.917081753431159e-02
6.383497409326115e+00 2.337259349393450e-01 -4.827296964525857e-02
6.474690229459345e+00 2.293641415536300e-01 -4.739046538016919e-02
6.565883049592575e+00 2.250821343761161e-01 -4.652310019278567e-02
6.657075869725805e+00 2.208785421806432e-01 -4.567066896960942e-02
6.748268689859035e+00 2.167520124629278e-01 -4.483296626175853e-02
6.839461509992265e+00 2.127012114611309e-01 -4.400978650227251e-02
6.930654330125495e+00 2.087248241572477e-01 -4.320092420952763e-02
7.021847150258726e+00 2.048215542605568e-01 -4.240617417740664e-02
7.113039970391956e+00 2.009901241743061e-01 -4.162533165284640e-02
7.204232790525186e+00 1.972292749467616e-01 -4.085819250136665e-02
7.295425610658416e+00 1.935377662076857e-01 -4.010455336116265e-02
7.386618430791646e+00 1.899143760912643e-01 -3.936421178632415e-02
7.477811250924876e+00 1.863579011464478e-01 -3.863696637972282e-02
7.569004071058107e+00 1.828671562356255e-01 -3.792261691608991e-02
7.660196891191337e+00 1.794409744225041e-01 -3.722096445578629e-02
7.751389711324567e+00 1.760782068500165e-01 -3.653181144974697e-02
7.842582531457797e+00 1.727777226090467e-01 -3.585496183606339e-02
7.933775351591027e+00 1.695384085987097e-01 -3.519022112864733e-02
8.024968171724257e+00 1.663591693788921e-01 -3.453739649840205e-02
8.116160991857488e+00 1.632389270157156e-01 -3.389629684730833e-02
8.207353811990718e+00 1.601766209205533e-01 -3.326673287581492e-02
8.298546632123948e+00 1.571712076831908e-01 -3.264851714390646e-02
8.389739452257178e+00 1.542216608996937e-01 -3.204146412620466e-02
8.480932272390408e+00 1.513269709955090e-01 -3.144539026144302e-02
8.572125092523638e+00 1.484861450442991e-01 -3.086011399663903e-02
8.663317912656868e+00 1.456982065829771e-01 -3.028545582627352e-02
8.754510732790099e+00 1.429621954233867e-01 -2.972123832677142e-02
8.845703552923329e+00 1.402771674610398e-01 -2.916728618656487e-02
8.936896373056559e+00 1.376421944813052e-01 -2.862342623200550e-02
9.028089193189789e+00 1.350563639634126e-01 -2.808948744938006e-02
9.119282013323019e+00 1.325187788826184e-01 -2.756530100327075e-02
9.210474833456249e+00 1.300285575108545e-01 -2.705070025148985e-02
9.301667653589480e+00 1.275848332161630e-01 -2.654552075680643e-02
9.392860473722710e+00 1.251867542612003e-01 -2.604960029567203e-02
9.484053293855940e+00 1.228334836010747e-01 -2.556277886414150e-02
9.575246113989170e+00 1.205241986807644e-01 -2.508489868117496e-02
9.666438934122400e+00 1.182580912323476e-01 -2.461580418949736e-02
9.757631754255630e+00 1.160343670722589e-01 -2.415534205418248e-02
9.848824574388860e+00 1.138522458987727e-01 -2.370336115911964e-02
9.940017394522091e+00 1.117109610898997e-01 -2.325971260151266e-02
1.003121021465532e+01 1.096097595018690e-01 -2.282424968455279e-02
1.012240303478855e+01 1.075479012683568e-01 -2.239682790839922e-02
1.021359585492178e+01 1.055246596006102e-01 -2.197730495959382e-02
1.030478867505501e+01 1.035393205886026e-01 -2.156554069902955e-02
1.039598149518824e+01 1.015911830033479e-01 -2.116139714858525e-02
1.048717431532147e+01 9.967955810049133e-02 -2.076473847653326e-02
1.057836713545470e+01 9.780376942528135e-02 -2.037543098182036e-02
1.066955995558793e+01 9.596315261902454e-02 -1.999334307731652e-02
1.076075277572116e+01 9.415705522711040e-02 -1.961834527212069e-02
1.085194559585439e+01 9.238483650869038e-02 -1.925031015300760e-02
1.094313841598762e+01 9.064586724808450e-02 -1.888911236509467e-02
1.103433123612085e+01 8.893952956798387e-02 -1.853462859180326e-02
1.112552405625408e+01 8.726521674451018e-02 -1.818673753418434e-02
1.121671687638731e+01 8.562233302418684e-02 -1.784531988967413e-02
1.130790969652054e+01 8.401029344287131e-02 -1.751025833034161e-02
1.139910251665377e+01 8.242852364669181e-02 -1.718143748068557e-02
1.149029533678700e+01 8.087645971502749e-02 -1.685874389503585e-02
1.158148815692023e+01 7.935354798556522e-02 -1.654206603460940e-02
1.167268097705346e+01 7.785924488146298e-02 -1.623129424426915e-02
1.176387379718669e+01 7.639301674064428e-02 -1.592632072903009e-02
1.185506661731992e+01 7.495433964724507e-02 -1.562703953035467e-02
1.194625943745315e+01 7.354269926523038e-02 -1.533334650227629e-02
1.203745225758638e+01 7.215759067419489e-02 -1.504513928738756e-02
1.212864507771961e+01 7.079851820735794e-02 -1.476231729272733e-02
1.221983789785284e+01 6.946499529176089e-02 -1.448478166559816e-02
1.231103071798607e+01 6.815654429067204e-02 -1.421243526934402e-02
1.240222353811930e+01 6.687269634820060e-02 -1.394518265911548e-02
1.249341635825254e+01 6.561299123612106e-02 -1.368293005764816e-02
1.258460917838577e+01 6.437697720290436e-02 -1.342558533107816e-02
1.267580199851900e+01 6.316421082495208e-02 -1.317305796481649e-02
1.276699481865223e+01 6.197425686002735e-02 -1.292525903950282e-02
1.285818763878546e+01 6.080668810287421e-02 -1.268210120705764e-02
1.294938045891869e+01 5.966108524301564e-02 -1.244349866685008e-02
1.304057327905192e+01 5.853703672471914e-02 -1.220936714199742e-02
1.313176609918515e+01 5.743413860911691e-02 -1.197962385581133e-02
1.322295891931838e+01 5.635199443846690e-02 -1.175418750840413e-02
1.331415173945161e+01 5.529021510253924e-02 -1.153297825346771e-02
1.340534455958484e+01 5.424841870711217e-02 -1.131591767523639e-02
1.349653737971807e+01 5.322623044455983e-02 -1.110292876564417e-02
1.358773019985130e+01 5.222328246651405e-02 -1.089393590168575e-02
1.367892301998453e+01 5.123921375858096e-02 -1.068886482298990e-02
1.377011584011776e+01 5.027367001709279e-02 -1.048764260961288e-02
1.386130866025099e+01 4.932630352787441e-02 -1.029019766005885e-02
1.395250148038422e+01 4.839677304700373e-02 -1.009645966953352e-02
1.404369430051745e+01 4.748474368354437e-02 -9.906359608436504e-03
1.413488712065068e+01 4.658988678422846e-02 -9.719829701097284e-03
1.422607994078391e+01 4.571187982006752e-02 -9.536803404759056e-03
1.431727276091714e+01 4.485040627486823e-02 -9.357215388814210e-03
1.440846558105037e+01 4.400515553563020e-02 -9.181001514294556e-03
1.449965840118360e+01 4.317582278480252e-02 -9.008098813619077e-03
1.459085122131683e+01 4.236210889437513e-02 -8.838445470601409e-03
1.468204404145006e+01 4.156372032178163e-02 -8.671980800718819e-03
1.477323686158329e+01 4.078036900758924e-02 -8.508645231644175e-03
1.486442968171652e+01 4.001177227495235e-02 -8.348380284041884e-03
1.495562250184975e+01 3.925765273080501e-02 -8.191128552628489e-03
1.504681532198298e+01 3.851773816876860e-02 -8.036833687498307e-03
1.513800814211621e+01 3.779176147375038e-02 -7.885440375714189e-03
1.522920096224944e+01 3.707946052820874e-02 -7.736894323163165e-03
1.532039378238267e+01 3.638057812006103e-02 -7.591142236676513e-03
1.541158660251590e+01 3.569486185220982e-02 -7.448131806413546e-03
1.550277942264913e+01 3.502206405366375e-02 -7.307811688508178e-03
1.559397224278236e+01 3.436194169222880e-02 -7.170131487977160e-03
1.568516506291559e+01 3.371425628874655e-02 -7.035041741888634e-03
1.577635788304882e+01 3.307877383285526e-02 -6.902493902789530e-03
1.586755070318205e+01 3.245526470025075e-02 -6.772440322390139e-03
1.595874352331528e+01 3.184350357142329e-02 -6.644834235504080e-03
1.604993634344851e+01 3.124326935184761e-02 -6.519629744241699e-03
1.614112916358174e+01 3.065434509360286e-02 -6.396781802454870e-03
1.623232198371497e+01 3.007651791839959e-02 -6.276246200431026e-03
1.632351480384820e+01 2.950957894199143e-02 -6.157979549834140e-03
1.641470762398143e+01 2.895332319994871e-02 -6.041939268890308e-03
1.650590044411466e+01 2.840754957477209e-02 -5.928083567815493e-03
1.659709326424789e+01 2.787206072432410e-02 -5.816371434482921e-03
1.668828608438112e+01 2.734666301155688e-02 -5.706762620327527e-03
1.677947890451435e+01 2.683116643551461e-02 -5.599217626484848e-03
1.687067172464758e+01 2.632538456358941e-02 -5.493697690161644e-03
1.696186454478081e+01 2.582913446500966e-02 -5.390164771235525e-03
1.705305736491404e+01 2.534223664554000e-02 -5.288581539080824e-03
1.714425018504727e+01 2.486451498337257e-02 -5.188911359617882e-03
1.723544300518050e+01 2.439579666618904e-02 -5.091118282582946e-03
1.732663582531373e+01 2.393591212937375e-02 -4.995167029015785e-03
1.741782864544696e+01 2.348469499535796e-02 -4.901022978962202e-03
1.750902146558019e+01 2.304198201407585e-02 -4.808652159388494e-03
1.760021428571342e+01 2.260761300451321e-02 -4.718021232305019e-03
1.769140710584665e+01 2.218143079732958e-02 -4.629097483095927e-03
1.778259992597988e+01 2.176328117853544e-02 -4.541848809052179e-03
1.787379274611311e+01 2.135301283420596e-02 -4.456243708104899e-03
1.796498556624634e+01 2.095047729621310e-02 -4.372251267756243e-03
1.805617838637957e+01 2.055552888895829e-02 -4.289841154204791e-03
1.814737120651280e+01 2.016802467708802e-02 -4.208983601662654e-03
1.823856402664603e+01 1.978782441417501e-02 -4.129649401861365e-03
1.832975684677927e+01 1.941479049234782e-02 -4.051809893743738e-03
1.842094966691250e+01 1.904878789285220e-02 -3.975436953338810e-03
1.851214248704573e+01 1.868968413752746e-02 -3.900502983817062e-03
1.860333530717896e+01 1.833734924118169e-02 -3.826980905723095e-03
1.869452812731219e+01 1.799165566484959e-02 -3.754844147382978e-03
1.878572094744542e+01 1.765247826991737e-02 -3.684066635483495e-03
1.887691376757865e+01 1.731969427309890e-02 -3.614622785820548e-03
1.896810658771188e+01 1.699318320224797e-02 -3.546487494213996e-03
1.905929940784511e+01 1.667282685299163e-02 -3.479636127586240e-03
1.915049222797834e+01 1.635850924616960e-02 -3.414044515201866e-03
1.924168504811157e+01 1.605011658606543e-02 -3.349688940065731e-03
1.933287786824480e+01 1.574753721941493e-02 -3.286546130476849e-03
1.942407068837803e+01 1.545066159517781e-02 -3.224593251735527e-03
1.951526350851126e+01 1.515938222505872e-02 -3.163807898001156e-03
1.960645632864449e+01 1.487359364476396e-02 -3.104168084298159e-03
1.969764914877772e+01 1.459319237598058e-02 -3.045652238667591e-03
1.978884196891095e+01 1.431807688906465e-02 -2.988239194461921e-03
1.988003478904418e+01 1.404814756642572e-02 -2.931908182780569e-03
1.997122760917741e+01 1.378330666659481e-02 -2.876638825043789e-03
2.006242042931064e+01 1.352345828896340e-02 -2.822411125702530e-03
2.015361324944387e+01 1.326850833918107e-02 -2.769205465081935e-03
2.024480606957710e+01 1.301836449519979e-02 -2.717002592356162e-03
2.033599888971033e+01 1.277293617395297e-02 -2.665783618652264e-03
2.042719170984356e+01 1.253213449865753e-02 -2.615530010280867e-03
2.051838452997679e+01 1.229587226672767e-02 -2.566223582091451e-03
2.060957735011002e+01 1.206406391828890e-02 -2.517846490950034e-03
2.070077017024325e+01 1.183662550528142e-02 -2.470381229337124e-03
2.079196299037648e+01 1.161347466114191e-02 -2.423810619063820e-03
2.088315581050971e+01 1.139453057105305e-02 -2.378117805103966e-03
2.097434863064294e+01 1.117971394275026e-02 -2.333286249540313e-03
2.106554145077617e+01 1.096894697787548e-02 -2.289299725622670e-03
2.115673427090940e+01 1.076215334386763e-02 -2.246142311936032e-03
2.124792709104263e+01 1.055925814638008e-02 -2.203798386676754e-03
2.133911991117586e+01 1.036018790221518e-02 -2.162252622034810e-03
2.143031273130909e+01 1.016487051276637e-02 -2.121489978680260e-03
2.152150555144232e+01 9.973235237958291e-03 -2.081495700352043e-03
2.161269837157555e+01 9.785212670675917e-03 -2.042255308547265e-03
2.170389119170878e+01 9.600734711673362e-03 -2.003754597309164e-03
2.179508401184201e+01 9.419734544953602e-03 -1.965979628111971e-03
2.188627683197524e+01 9.242146613610291e-03 -1.928916724840934e-03
2.197746965210847e+01 9.067906596123099e-03 -1.892552468865750e-03
2.206866247224170e+01 8.896951383098126e-03 -1.856873694205747e-03
2.215985529237493e+01 8.729219054445091e-03 -1.821867482785120e-03
2.225104811250816e+01 8.564648856983157e-03 -1.787521159776605e-03
2.234224093264139e+01 8.403181182467427e-03 -1.753822289031963e-03
2.243343375277462e+01 8.244757546028238e-03 -1.720758668597704e-03
2.252462657290785e+01 8.089320565015556e-03 -1.688318326314496e-03
2.261581939304108e+01 7.936813938240925e-03 -1.656489515498713e-03
2.270701221317431e+01 7.787182425609547e-03 -1.625260710704633e-03
2.279820503330754e+01 7.640371828135182e-03 -1.594620603565807e-03
2.288939785344077e+01 7.496328968330732e-03 -1.564558098714144e-03
2.298059067357400e+01 7.355001670967494e-03 -1.535062309775277e-03
2.307178349370723e+01 7.216338744196187e-03 -1.506122555438830e-03
2.316297631384046e+01 7.080289961022962e-03 -1.477728355602176e-03
2.325416913397369e+01 6.946806041133784e-03 -1.449869427586367e-03
2.334536195410692e+01 6.815838633060663e-03 -1.422535682422881e-03
2.343655477424015e+01 6.687340296683312e-03 -1.395717221209883e-03
2.352774759437338e+01 6.561264486059968e-03 -1.369404331536731e-03
2.361894041450661e+01 6.437565532581229e-03 -1.343587483975450e-03
2.371013323463984e+01 6.316198628440810e-03 -1.318257328637943e-03
2.380132605477307e+01 6.197119810417323e-03 -1.293404691797718e-03
2.389251887490630e+01 6.080285943961226e-03 -1.269020572574947e-03
2.398371169503953e+01 5.965654707581240e-03 -1.245096139683662e-03
2.407490451517276e+01 5.853184577524592e-03 -1.221622728239967e-03
2.416609733530600e+01 5.742834812745599e-03 -1.198591836630099e-03
2.425729015543923e+01 5.634565440157175e-03 -1.175995123437258e-03
2.434848297557246e+01 5.528337240159944e-03 -1.153824404426088e-03
2.443967579570569e+01 5.424111732443769e-03 -1.132071649583756e-03
2.453086861583892e+01 5.321851162056562e-03 -1.110728980216575e-03
2.462206143597215e+01 5.221518485735376e-03 -1.089788666101116e-03
2.471325425610538e+01 5.123077358494843e-03 -1.069243122688832e-03
2.480444707623861e+01 5.026492120468134e-03 -1.049084908363158e-03
2.489563989637184e+01 4.931727783995694e-03 -1.029306721748138e-03
2.498683271650507e+01 4.838750020957102e-03 -1.009901399067605e-03
2.507802553663830e+01 4.747525150341465e-03 -9.908619115539723e-04
2.516921835677153e+01 4.658020126051924e-03 -9.721813629057146e-04
2.526041117690476e+01 4.570202524939794e-03 -9.538529867926275e-04
2.535160399703799e+01 4.484040535064084e-03 -9.358701444079714e-04
2.544279681717122e+01 4.399502944172139e-03 -9.182263220666281e-04
2.553398963730445e+01 4.316559128397239e-03 -9.009151288484077e-04
2.562518245743768e+01 4.235179041169088e-03 -8.839302942856620e-04
2.571637527757091e+01 4.155333202333187e-03 -8.672656660943768e-04
2.580756809770414e+01 4.076992687475176e-03 -8.509152079479298e-04
2.589876091783737e+01 4.000129117446249e-03 -8.348729972927151e-04
2.598995373797060e+01 3.924714648085925e-03 -8.191332232048517e-04
2.608114655810383e+01 3.850721960138400e-03 -8.036901842872062e-04
2.617233937823706e+01 3.778124249358879e-03 -7.885382866059746e-04
2.626353219837029e+01 3.706895216806298e-03 -7.736720416660841e-04
2.635472501850352e+01 3.637009059318936e-03 -7.590860644246853e-04
2.644591783863675e+01 3.568440460169465e-03 -7.447750713420218e-04
2.653711065876998e+01 3.501164579896078e-03 -7.307338784689779e-04
2.662830347890321e+01 3.435157047306367e-03 -7.169573995706144e-04
2.671949629903644e+01 3.370393950650704e-03 -7.034406442850211e-04
2.681068911916967e+01 3.306851828961945e-03 -6.901787163168184e-04
2.690188193930290e+01 3.244507663558311e-03 -6.771668116646649e-04
2.699307475943613e+01 3.183338869706384e-03 -6.644002168821271e-04
2.708426757956936e+01 3.123323288441198e-03 -6.518743073712865e-04
2.717546039970259e+01 3.064439178540481e-03 -6.395845457084736e-04
2.726665321983582e+01 3.006665208650124e-03 -6.275264800015193e-04
2.735784603996905e+01 2.949980449558051e-03 -6.156957422779372e-04
2.744903886010228e+01 2.894364366613686e-03 -6.040880469034540e-04
2.754023168023551e+01 2.839796812290272e-03 -5.926991890303166e-04
2.763142450036874e+01 2.786258018887361e-03 -5.815250430748200e-04
2.772261732050197e+01 2.733728591370827e-03 -5.705615612235042e-04
2.781381014063520e+01 2.682189500347825e-03 -5.598047719674816e-04
2.790500296076843e+01 2.631622075174135e-03 -5.492507786643694e-04
2.799619578090166e+01 2.582007997191417e-03 -5.388957581273026e-04
2.808738860103489e+01 2.533329293091918e-03 -5.287359592405257e-04
2.817858142116812e+01 2.485568328408236e-03 -5.187677016010561e-04
2.826977424130135e+01 2.438707801125783e-03 -5.089873741859349e-04
2.836096706143458e+01 2.392730735415641e-03 -4.993914340445812e-04
2.845215988156781e+01 2.347620475485533e-03 -4.899764050157786e-04
2.854335270170104e+01 2.303360679546696e-03 -4.807388764688297e-04
2.863454552183427e+01 2.259935313894460e-03 -4.716755020684259e-04
2.872573834196750e+01 2.217328647100406e-03 -4.627829985627843e-04
2.881693116210073e+01 2.175525244313988e-03 -4.540581445946166e-04
2.890812398223396e+01 2.134509961671560e-03 -4.454977795344974e-04
2.899931680236719e+01 2.094267940810792e-03 -4.370988023362135e-04
2.909050962250042e+01 2.054784603488475e-03 -4.288581704136782e-04
2.918170244263365e+01 2.016045646299786e-03 -4.207728985390061e-04
2.927289526276688e+01 1.978037035497081e-03 -4.128400577613508e-04
2.936408808290011e+01 1.940745001906355e-03 -4.050567743461122e-04
2.945528090303334e+01 1.904156035939528e-03 -3.974202287341337e-04
2.954647372316657e+01 1.868256882700740e-03 -3.899276545205093e-04
2.963766654329980e+01 1.833034537184897e-03 -3.825763374526344e-04
2.972885936343303e+01 1.798476239566719e-03 -3.753636144471369e-04
2.982005218356626e+01 1.764569470578597e-03 -3.682868726253318e-04
2.991124500369950e+01 1.731301946975572e-03 -3.613435483668543e-04
3.000243782383273e+01 1.698661617085801e-03 -3.545311263811251e-04
3.009363064396596e+01 1.666636656444900e-03 -3.478471387963139e-04
3.018482346409919e+01 1.635215463512581e-03 -3.412891642654729e-04
3.027601628423242e+01 1.604386655470033e-03 -3.348548270895137e-04
3.036720910436565e+01 1.574139064096524e-03 -3.285417963567149e-04
3.045840192449888e+01 1.544461731723733e-03 -3.223477850984441e-04
3.054959474463211e+01 1.515343907266347e-03 -3.162705494607932e-04
3.064078756476534e+01 1.486775042327481e-03 -3.103078878918246e-04
3.073198038489857e+01 1.458744787377522e-03 -3.044576403441361e-04
3.082317320503180e+01 1.431242988004997e-03 -2.987176874924540e-04
3.091436602516503e+01 1.404259681238124e-03 -2.930859499659732e-04
3.100555884529826e+01 1.377785091935700e-03 -2.875603875951662e-04
3.109675166543149e+01 1.351809629246034e-03 -2.821389986727864e-04
3.118794448556472e+01 1.326323883132620e-03 -2.768198192288021e-04
3.127913730569795e+01 1.301318620965322e-03 -2.716009223189945e-04
3.137033012583118e+01 1.276784784175808e-03 -2.664804173269664e-04
3.146152294596441e+01 1.252713484976040e-03 -2.614564492793054e-04
3.155271576609764e+01 1.229096003138625e-03 -2.565271981736560e-04
3.164390858623087e+01 1.205923782837859e-03 -2.516908783194566e-04
3.173510140636410e+01 1.183188429550327e-03 -2.469457376911034e-04
3.182629422649733e+01 1.160881707013929e-03 -2.422900572933060e-04
3.191748704663056e+01 1.138995534244235e-03 -2.377221505384055e-04
3.200867986676379e+01 1.117521982607085e-03 -2.332403626354305e-04
3.209987268689702e+01 1.096453272946381e-03 -2.288430699906685e-04
3.219106550703025e+01 1.075781772766018e-03 -2.245286796195364e-04
3.228225832716348e+01 1.055499993464954e-03 -2.202956285695374e-04
3.237345114729671e+01 1.035600587624385e-03 -2.161423833540949e-04
3.246464396742994e+01 1.016076346346084e-03 -2.120674393970588e-04
3.255583678756317e+01 9.969201966409016e-04 -2.080693204876827e-04
3.264702960769640e+01 9.781251988665053e-04 -2.041465782458753e-04
3.273822242782963e+01 9.596845442134252e-04 -2.002977915975316e-04
3.282941524796286e+01 9.415915522384878e-04 -1.965215662597544e-04
3.292060806809609e+01 9.238396684447540e-04 -1.928165342357804e-04
3.301180088822932e+01 9.064224619070797e-04 -1.891813533194260e-04
3.310299370836255e+01 8.893336229424397e-04 -1.856147066088758e-04
3.319418652849578e+01 8.725669608241713e-04 -1.821153020296359e-04
3.328537934862901e+01 8.561164015393108e-04 -1.786818718664804e-04
3.337657216876224e+01 8.399759855882081e-04 -1.753131723042210e-04
3.346776498889547e+01 8.241398658256249e-04 -1.720079829771333e-04
3.355895780902870e+01 8.086023053425333e-04 -1.687651065268775e-04
3.365015062916194e+01 7.933576753878472e-04 -1.655833681687524e-04
3.374134344929517e+01 7.784004533293345e-04 -1.624616152661264e-04
3.383253626942840e+01 7.637252206529716e-04 -1.593987169128906e-04
3.392372908956163e+01 7.493266610000142e-04 -1.563935635237837e-04
3.401492190969486e+01 7.351995582410749e-04 -1.534450664324397e-04
3.410611472982809e+01 7.213387945865095e-04 -1.505521574970130e-04
3.419730754996132e+01 7.077393487324271e-04 -1.477137887132381e-04
3.428850037009455e+01 6.943962940416530e-04 -1.449289318347839e-04
3.437969319022778e+01 6.813047967589841e-04 -1.421965780007647e-04
3.447088601036101e+01 6.684601142600932e-04 -1.395157373702735e-04
3.456207883049424e+01 6.558575933334448e-04 -1.368854387638050e-04
3.465327165062747e+01 6.434926684946020e-04 -1.343047293114383e-04
3.474446447076070e+01 6.313608603323124e-04 -1.317726741076521e-04
3.483565729089393e+01 6.194577738857759e-04 -1.292883558726474e-04
3.492685011102716e+01 6.077790970525047e-04 -1.268508746200548e-04
3.501804293116039e+01 5.963205990261990e-04 -1.244593473309061e-04
3.510923575129362e+01 5.850781287640745e-04 -1.221129076337524e-04
3.520042857142685e+01 5.740476134830831e-04 -1.198107054908131e-04
3.529162139156008e+01 5.632250571844853e-04 -1.175519068900401e-04
3.538281421169331e+01 5.526065392062387e-04 -1.153356935429893e-04
3.547400703182654e+01 5.421882128026763e-04 -1.131612625883863e-04
3.556519985195977e+01 5.319663037509641e-04 -1.110278263012815e-04
3.565639267209300e+01 5.219371089838288e-04 -1.089346118076877e-04
3.574758549222623e+01 5.120969952480641e-04 -1.068808608045978e-04
3.583877831235946e+01 5.024423977883261e-04 -1.048658292852806e-04
3.592997113249269e+01 4.929698190557455e-04 -1.028887872697556e-04
3.602116395262592e+01 4.836758274408832e-04 -1.009490185403488e-04
3.611235677275915e+01 4.745570560305752e-04 -9.904582038223407e-05
3.620354959289238e+01 4.656102013882143e-04 -9.717850332886587e-05
3.629474241302561e+01 4.568320223570262e-04 -9.534639091221119e-05
3.638593523315884e+01 4.482193388859081e-04 -9.354881941769027e-05
3.647712805329207e+01 4.397690308774029e-04 -9.178513764373729e-05
3.656832087342530e+01 4.314780370573933e-04 -9.005470666589388e-05
3.665951369355853e+01 4.233433538661045e-04 -8.835689960535025e-05
3.675070651369176e+01 4.153620343700151e-04 -8.669110140184956e-05
3.684189933382499e+01 4.075311871942820e-04 -8.505670859087405e-05
3.693309215395822e+01 3.998479754752915e-04 -8.345312908503151e-05
3.702428497409145e+01 3.923096158329587e-04 -8.187978195956324e-05
3.711547779422468e+01 3.849133773624012e-04 -8.033609724189597e-05
3.720667061435791e+01 3.776565806446229e-04 -7.882151570516081e-05
3.729786343449114e+01 3.705365967758500e-04 -7.733548866560537e-05
3.738905625462437e+01 3.635508464151661e-04 -7.587747778382500e-05
3.748024907475760e+01 3.566967988501026e-04 -7.444695486974138e-05
3.757144189489083e+01 3.499719710798449e-04 -7.304340169125780e-05
3.766263471502406e+01 3.433739269157239e-04 -7.166630978652189e-05
3.775382753515729e+01 3.369002760986646e-04 -7.031518027972746e-05
3.784502035529052e+01 3.305486734332748e-04 -6.898952370038930e-05
3.793621317542375e+01 3.243168179382573e-04 -6.768885980602498e-05
3.802740599555698e+01 3.182024520128411e-04 -6.641271740817952e-05
3.811859881569021e+01 3.122033606189256e-04 -6.516063420173015e-05
3.820979163582344e+01 3.063173704786461e-04 -6.393215659740901e-05
3.830098445595667e+01 3.005423492870663e-04 -6.272683955748343e-05
3.839217727608990e+01 2.948762049397139e-04 -6.154424643453384e-05
3.848337009622313e+01 2.893168847746800e-04 -6.038394881327144e-05
3.857456291635636e+01 2.838623748290070e-04 -5.924552635533794e-05
3.866575573648959e+01 2.785106991090953e-04 -5.812856664703119e-05
3.875694855662282e+01 2.732599188748655e-04 -5.703266504990174e-05
3.884814137675605e+01 2.681081319374168e-04 -5.595742455416600e-05
3.893933419688928e+01 2.630534719699252e-04 -5.490245563488303e-05
3.903052701702251e+01 2.580941078315349e-04 -5.386737611084283e-05
3.912171983715574e+01 2.532282429039952e-04 -5.285181100611487e-05
3.921291265728897e+01 2.484541144408049e-04 -5.185539241420700e-05
3.930410547742220e+01 2.437699929286256e-04 -5.087775936478521e-05
3.939529829755543e+01 2.391741814607362e-04 -4.991855769290617e-05
3.948649111768867e+01 2.346650151222988e-04 -4.897743991071517e-05
3.957768393782190e+01 2.302408603872135e-04 -4.805406508156284e-05
3.966887675795513e+01 2.259001145263458e-04 -4.714809869649517e-05
3.976006957808836e+01 2.216412050269092e-04 -4.625921255307203e-05
3.985126239822159e+01 2.174625890227954e-04 -4.538708463647039e-05
3.994245521835482e+01 2.133627527356438e-04 -4.453139900282900e-05
4.003364803848805e+01 2.093402109264485e-04 -4.369184566479245e-05
4.012484085862128e+01 2.053935063575046e-04 -4.286812047921294e-05
4.021603367875451e+01 2.015212092644983e-04 -4.205992503696939e-05
4.030722649888774e+01 1.977219168385495e-04 -4.126696655486359e-05
4.039841931902097e+01 1.939942527180193e-04 -4.048895776955454e-05
4.048961213915420e+01 1.903368664898995e-04 -3.972561683349244e-05
4.058080495928743e+01 1.867484332006008e-04 -3.897666721281459e-05
4.067199777942066e+01 1.832276528759654e-04 -3.824183758716623e-05
4.076319059955389e+01 1.797732500503287e-04 -3.752086175141017e-05
4.085438341968712e+01 1.763839733044586e-04 -3.681347851918937e-05
4.094557623982035e+01 1.730585948122076e-04 -3.611943162830769e-05
4.103676905995358e+01 1.697959098957104e-04 -3.543846964789454e-05
4.112796188008681e+01 1.665947365889683e-04 -3.477034588731969e-05
4.121915470022004e+01 1.634539152096612e-04 -3.411481830682528e-05
4.131034752035327e+01 1.603723079390321e-04 -3.347164942984284e-05
4.140154034048650e+01 1.573487984096919e-04 -3.284060625696321e-05
4.149273316061973e+01 1.543822913011956e-04 -3.222146018152853e-05
4.158392598075296e+01 1.514717119432432e-04 -3.161398690681543e-05
4.167511880088619e+01 1.486160059263613e-04 -3.101796636477969e-05
4.176631162101942e+01 1.458141387199243e-04 -3.043318263633281e-05
4.185750444115265e+01 1.430650952973777e-04 -2.985942387312150e-05
4.194869726128588e+01 1.403678797685265e-04 -2.929648222078189e-05
4.203989008141911e+01 1.377215150187560e-04 -2.874415374364076e-05
4.213108290155234e+01 1.351250423550554e-04 -2.820223835083620e-05
4.222227572168557e+01 1.325775211587134e-04 -2.767053972383123e-05
4.231346854181880e+01 1.300780285445630e-04 -2.714886524529395e-05
4.240466136195203e+01 1.276256590266496e-04 -2.663702592931858e-05
4.249585418208526e+01 1.252195241902026e-04 -2.613483635296195e-05
4.258704700221849e+01 1.228587523697914e-04 -2.564211458907084e-05
4.267823982235172e+01 1.205424883335492e-04 -2.515868214037562e-05
4.276943264248495e+01 1.182698929733498e-04 -2.468436387482651e-05
4.286062546261818e+01 1.160401430008258e-04 -2.421898796214891e-05
4.295181828275141e+01 1.138524306491180e-04 -2.376238581159486e-05
4.304301110288464e+01 1.117059633802471e-04 -2.331439201086806e-05
4.313420392301787e+01 1.095999635980028e-04 -2.287484426620037e-05
4.322539674315110e+01 1.075336683662459e-04 -2.244358334355801e-05
4.331658956328433e+01 1.055063291325207e-04 -2.202045301095624e-05
4.340778238341756e+01 1.035172114568790e-04 -2.160529998186156e-05
4.349897520355079e+01 1.015655947458158e-04 -2.119797385966094e-05
4.359016802368402e+01 9.965077199122130e-05 -2.079832708317801e-05
4.368136084381725e+01 9.777204951425519e-05 -2.040621487321641e-05
4.377255366395048e+01 9.592874671404857e-05 -2.002149518011095e-05
4.386374648408371e+01 9.412019582114436e-05 -1.964402863226762e-05
4.395493930421694e+01 9.234574165558586e-05 -1.927367848567377e-05
4.404613212435017e+01 9.060474138956607e-05 -1.891031057436013e-05
4.413732494448340e+01 8.889656431455193e-05 -1.855379326179687e-05
4.422851776461663e+01 8.722059161279878e-05 -1.820399739320587e-05
4.431971058474986e+01 8.557621613317276e-05 -1.786079624877214e-05
4.441090340488309e+01 8.396284217119923e-05 -1.752406549773733e-05
4.450209622501632e+01 8.237988525325832e-05 -1.719368315335869e-05
4.459328904514955e+01 8.082677192484897e-05 -1.686952952871721e-05
4.468448186528278e+01 7.930293954284464e-05 -1.655148719335891e-05
4.477567468541601e+01 7.780783607166592e-05 -1.623944093075355e-05
4.486686750554924e+01 7.634091988329569e-05 -1.593327769655542e-05
4.495806032568247e+01 7.490165956106475e-05 -1.563288657765103e-05
4.504925314581570e+01 7.348953370713654e-05 -1.533815875197881e-05
4.514044596594893e+01 7.210403075362156e-05 -1.504898744910643e-05
4.523163878608216e+01 7.074464877725272e-05 -1.476526791155127e-05
4.532283160621540e+01 6.941089531755461e-05 -1.448689735683021e-05
4.541402442634863e+01 6.810228719844097e-05 -1.421377494022479e-05
4.550521724648186e+01 6.681835035317544e-05 -1.394580171824845e-05
4.559641006661509e+01 6.555861965263244e-05 -1.368288061280249e-05
4.568760288674832e+01 6.432263873679585e-05 -1.342491637600777e-05
4.577879570688155e+01 6.310995984943432e-05 -1.317181555569948e-05
4.586998852701478e+01 6.192014367589379e-05 -1.292348646157247e-05
4.596118134714801e+01 6.075275918394765e-05 -1.267983913196473e-05
4.605237416728124e+01 5.960738346764770e-05 -1.244078530126722e-05
4.614356698741447e+01 5.848360159411898e-05 -1.220623836794808e-05
4.623475980754770e+01 5.738100645324279e-05 -1.197611336317965e-05
4.632595262768093e+01 5.629919861017385e-05 -1.175032692005705e-05
4.641714544781416e+01 5.523778616063786e-05 -1.152879724339695e-05
4.650833826794739e+01 5.419638458895710e-05 -1.131144408010588e-05
4.659953108808062e+01 5.317461662875287e-05 -1.109818869010708e-05
4.669072390821385e+01 5.217211212627386e-05 -1.088895381781551e-05
4.678191672834708e+01 5.118850790630140e-05 -1.068366366415063e-05
4.687310954848031e+01 5.022344764058275e-05 -1.048224385907683e-05
4.696430236861354e+01 4.927658171874476e-05 -1.028462143466155e-05
4.705549518874677e+01 4.834756712164129e-05 -1.009072479864138e-05
4.714668800888000e+01 4.743606729708836e-05 -9.900483708486414e-06
4.723788082901323e+01 4.654175203794213e-05 -9.713829245953710e-06
4.732907364914646e+01 4.566429736247542e-05 -9.530693792120380e-06
4.742026646927969e+01 4.480338539700954e-05 -9.351011002887446e-06
4.751145928941292e+01 4.395870426075886e-05 -9.174715784945501e-06
4.760265210954615e+01 4.312994795284643e-05 -9.001744272193488e-06
4.769384492967938e+01 4.231681624144962e-05 -8.832033802602069e-06
4.778503774981261e+01 4.151901455503583e-05 -8.665522895513185e-06
4.787623056994584e+01 4.073625387564866e-05 -8.502151229367592e-06
4.796742339007907e+01 3.996825063420596e-05 -8.341859619852278e-06
4.805861621021230e+01 3.921472660777192e-05 -8.184589998459917e-06
4.814980903034553e+01 3.847540881876570e-05 -8.030285391452486e-06
4.824100185047876e+01 3.775002943607054e-05 -7.878889899221534e-06
4.833219467061199e+01 3.703832567800710e-05 -7.730348676037530e-06
4.842338749074522e+01 3.634003971713605e-05 -7.584607910181027e-06
4.851458031087845e+01 3.565491858685554e-05 -7.441614804448394e-06
4.860577313101168e+01 3.498271408975941e-05 -7.301317557025100e-06
4.869696595114491e+01 3.432318270772333e-05 -7.163665342719564e-06
4.878815877127814e+01 3.367608551368598e-05 -7.028608294550828e-06
4.887935159141137e+01 3.304118808509338e-05 -6.896097485683351e-06
4.897054441154460e+01 3.241826041897524e-05 -6.766084911702385e-06
4.906173723167783e+01 3.180707684862213e-05 -6.638523473223520e-06
4.915293005181106e+01 3.120741596183378e-05 -6.513366958830085e-06
4.924412287194429e+01 3.061906052070845e-05 -6.390570028332238e-06
4.933531569207752e+01 3.004179738294471e-05 -6.270088196341666e-06
4.942650851221075e+01 2.947541742462673e-05 -6.151877816155969e-06
4.951770133234398e+01 2.891971546446548e-05 -6.035896063946843e-06
4.960889415247721e+01 2.837449018946803e-05 -5.922100923246398e-06
4.970008697261044e+01 2.783954408200843e-05 -5.810451169725929e-06
4.979127979274367e+01 2.731468334827333e-05 -5.700906356261674e-06
4.988247261287690e+01 2.679971784805671e-05 -5.593426798282111e-06
4.997366543301013e+01 2.629446102587820e-05 -5.487973559391517e-06

