      0      -18.000
      1      -14.000
      2      -10.000
      3      -10.000
      4      -10.000
      5      -10.000
      6      -18.000
      7        2.000
      8       -2.000
      9       -2.000
     10       -6.000
     11      -14.000
     12       -6.000
     13      -18.000
     14      -18.000
     15      -10.000
     16      -22.000
     17      -10.000
     18      -30.000
     19       -2.000
     20      -10.000
     21       -6.000
     22      -10.000
     23       -2.000
     24       -6.000
     25       -2.000
     26      -18.000
     27      -22.000
     28      -34.000
     29      -22.000
     30      -14.000
     31      -22.000
     32      -42.000
     33      -10.000
     34      -42.000
     35      -10.000
     36      -34.000
     37      -22.000
     38      -10.000
     39      -18.000
     40      -26.000
     41      -18.000
     42      -22.000
     43      -26.000
     44      -14.000
     45      -26.000
     46      -38.000
     47      -30.000
     48      -50.000
     49      -50.000
     50      -26.000
     51      -34.000
     52       -2.000
     53      -10.000
     54      -14.000
     55      -14.000
     56      -14.000
     57      -18.000
     58      -14.000
     59      -22.000
     60       -2.000
     61       -2.000
     62      -14.000
     63       -2.000
     64      -18.000
     65      -18.000
     66      -22.000
     67       -6.000
     68      -10.000
     69       -6.000
     70      -18.000
     71      -14.000
     72      -26.000
     73      -22.000
     74       -2.000
     75      -10.000
     76      -14.000
     77      -18.000
     78       -2.000
     79       -6.000
     80       -6.000
     81      -18.000
     82      -10.000
     83      -14.000
     84      -22.000
     85      -18.000
     86      -30.000
     87      -18.000
     88      -10.000
     89      -10.000
     90      -18.000
     91      -22.000
     92      -30.000
     93      -34.000
     94      -14.000
     95      -14.000
     96      -18.000
     97      -18.000
     98      -14.000
     99      -30.000
    100       -6.000
    110      -26.000
    120      -22.000
    130      -18.000
    140      -18.000
    150      -18.000
    160       -6.000
    170      -18.000
    180      -10.000
    190       -6.000
    200      -26.000
    210      -10.000
    220      -38.000
    230      -22.000
    240      -10.000
    250      -14.000
    260      -22.000
    270        2.000
    280      -10.000
    290      -10.000
    300       -2.000
    310      -14.000
    320      -18.000
    330      -14.000
    340      -14.000
    350      -14.000
    360      -18.000
    370      -18.000
    380       -6.000
    390      -34.000
    400      -22.000
    410      -10.000
    420      -34.000
    430       -6.000
    440       -2.000
    450      -10.000
    460      -26.000
    470      -10.000
    480      -22.000
    490      -42.000
    500      -30.000
    510      -14.000
    520      -14.000
    530       -6.000
    540      -18.000
    550      -18.000
    560      -22.000
    570      -14.000
    580       -2.000
    590      -14.000
    600      -14.000
    610      -18.000
    620      -18.000
    630      -34.000
    640       -6.000
    650      -10.000
    660      -30.000
    670      -14.000
    680      -22.000
    690      -18.000
    700      -22.000
    710      -30.000
    720      -22.000
    730      -18.000
    740       -2.000
    750      -22.000
    760      -14.000
    770      -10.000
    780        2.000
    790      -30.000
    800      -26.000
    810      -14.000
    820      -10.000
    830       -2.000
    840      -18.000
    850      -22.000
    860      -22.000
    870      -10.000
    880       -6.000
    890      -18.000
    900      -14.000
    910      -10.000
    920      -26.000
    930      -18.000
    940        2.000
    950      -10.000
    960      -26.000
    970      -22.000
    980      -14.000
    990      -22.000
   1000      -26.000
   1010      -18.000
   1020      -18.000
   1030      -22.000
   1040      -22.000
   1050      -14.000
   1060        2.000
   1070       -6.000
   1080      -18.000
   1090      -14.000
   1100      -10.000
   1110      -42.000
   1120      -10.000
   1130       -6.000
   1140      -18.000
   1150      -18.000
   1160      -14.000
   1170       -6.000
   1180      -14.000
   1190      -18.000
   1200      -10.000
   1210      -10.000
   1220      -34.000
   1230      -10.000
   1240      -22.000
   1250      -14.000
   1260      -26.000
   1270      -18.000
   1280      -18.000
   1290       -6.000
   1300      -18.000
   1310       -6.000
   1320      -10.000
   1330      -18.000
   1340      -14.000
   1350       -6.000
   1360      -10.000
   1370      -22.000
   1380       -6.000
   1390      -14.000
   1400      -34.000
   1410      -18.000
   1420      -10.000
   1430      -18.000
   1440      -10.000
   1450      -10.000
   1460      -34.000
   1470      -18.000
   1480       -2.000
   1490      -18.000
   1500       -2.000
   1510      -10.000
   1520      -18.000
   1530      -34.000
   1540      -22.000
   1550      -22.000
   1560       -2.000
   1570       -6.000
   1580      -22.000
   1590      -18.000
   1600       -6.000
   1610       -6.000
   1620      -10.000
   1630      -38.000
   1640      -18.000
   1650      -14.000
   1660      -18.000
   1670      -18.000
   1680      -22.000
   1690      -30.000
   1700      -34.000
   1710        6.000
   1720      -14.000
   1730      -18.000
   1740      -14.000
   1750       -6.000
   1760      -14.000
   1770      -22.000
   1780      -18.000
   1790      -38.000
   1800      -26.000
   1810      -22.000
   1820      -18.000
   1830      -22.000
   1840      -14.000
   1850      -10.000
   1860      -14.000
   1870      -22.000
   1880      -22.000
   1890      -22.000
   1900      -18.000
   1910      -18.000
   1920      -22.000
   1930      -22.000
   1940      -26.000
   1950      -18.000
   1960      -14.000
   1970      -38.000
   1980      -10.000
   1990      -14.000
   2000       -6.000
   2010       -6.000
   2020      -10.000
   2030      -42.000
   2040      -50.000
   2050      -18.000
   2060      -14.000
   2070       -6.000
   2080       -2.000
   2090      -30.000
   2100      -18.000
   2110      -22.000
   2120      -22.000
   2130      -14.000
   2140      -18.000
   2150      -14.000
   2160       -2.000
   2170      -10.000
   2180        2.000
   2190      -10.000
   2200      -14.000
   2210      -14.000
   2220      -14.000
   2230      -18.000
   2240      -30.000
   2250      -38.000
   2260      -10.000
   2270      -30.000
   2280        2.000
   2290      -14.000
   2300       -2.000
   2310      -18.000
   2320       -6.000
   2330        2.000
   2340      -18.000
   2350      -18.000
   2360      -22.000
   2370      -10.000
   2380      -18.000
   2390      -18.000
   2400       -6.000
   2410      -14.000
   2420      -10.000
   2430      -22.000
   2440      -18.000
   2450      -10.000
   2460      -26.000
   2470      -10.000
   2480      -18.000
   2490      -14.000
   2500      -14.000
   2510       -6.000
   2520      -22.000
   2530      -26.000
   2540      -50.000
   2550       -2.000
   2560       -6.000
   2570      -10.000
   2580      -10.000
   2590      -34.000
   2600      -18.000
   2610      -30.000
   2620       -6.000
   2630      -10.000
   2640      -10.000
   2650      -38.000
   2660       -6.000
   2670      -26.000
   2680      -42.000
   2690      -18.000
   2700      -18.000
   2710      -14.000
   2720      -22.000
   2730      -10.000
   2740      -18.000
   2750      -14.000
   2760      -10.000
   2770       -2.000
   2780      -30.000
   2790       -2.000
   2800      -10.000
   2810      -10.000
   2820       -6.000
   2830      -22.000
   2840       -2.000
   2850      -26.000
   2860       -6.000
   2870      -10.000
   2880      -14.000
   2890      -22.000
   2900      -30.000
   2910      -26.000
   2920      -14.000
   2930      -22.000
   2940      -10.000
   2950      -14.000
   2960       -2.000
   2970      -18.000
   2980      -10.000
   2990      -22.000
   3000      -22.000
   3010      -26.000
   3020       -2.000
   3030      -10.000
   3040      -26.000
   3050      -18.000
   3060      -22.000
   3070      -10.000
   3080      -22.000
   3090      -10.000
   3100      -10.000
   3110      -18.000
   3120      -14.000
   3130      -30.000
   3140      -14.000
   3150      -14.000
   3160      -14.000
   3170      -22.000
   3180      -14.000
   3190       -2.000
   3200      -18.000
   3210      -22.000
   3220      -18.000
   3230      -14.000
   3240      -22.000
   3250      -30.000
   3260      -26.000
   3270      -18.000
   3280      -18.000
   3290      -10.000
   3300       -2.000
   3310      -14.000
   3320      -34.000
   3330      -18.000
   3340      -14.000
   3350       -6.000
   3360      -10.000
   3370       -6.000
   3380      -14.000
   3390      -14.000
   3400      -10.000
   3410      -10.000
   3420      -26.000
   3430      -26.000
   3440      -18.000
   3450       -6.000
   3460      -14.000
   3470      -26.000
   3480      -14.000
   3490       -6.000
   3500      -14.000
   3510        2.000
   3520      -18.000
   3530       -6.000
   3540      -18.000
   3550      -10.000
   3560      -30.000
   3570      -18.000
   3580      -34.000
   3590      -14.000
   3600      -22.000
   3610      -14.000
   3620      -10.000
   3630      -10.000
   3640      -18.000
   3650      -18.000
   3660      -14.000
   3670      -10.000
   3680       -6.000
   3690      -14.000
   3700      -10.000
   3710      -18.000
   3720      -18.000
   3730       -6.000
   3740       -6.000
   3750      -30.000
   3760      -10.000
   3770      -18.000
   3780      -22.000
   3790      -14.000
   3800      -18.000
   3810       -2.000
   3820      -18.000
   3830       -2.000
   3840      -18.000
   3850      -10.000
   3860      -10.000
   3870        6.000
   3880      -10.000
   3890      -10.000
   3900      -10.000
   3910      -10.000
   3920        2.000
   3930      -30.000
   3940      -30.000
   3950      -34.000
   3960      -14.000
   3970       -2.000
   3980      -22.000
   3990      -18.000
   4000      -18.000
   4010       -6.000
   4020      -10.000
   4030        2.000
   4040      -10.000
   4050      -10.000
   4060      -26.000
   4070       -6.000
   4080       -6.000
   4090      -14.000
   4100      -30.000
   4110      -10.000
   4120       -6.000
   4130      -22.000
   4140      -38.000
   4150      -18.000
   4160       -6.000
   4170      -18.000
   4180      -34.000
   4190      -14.000
   4200      -10.000
   4210      -18.000
   4220      -10.000
   4230      -18.000
   4240      -30.000
   4250       -6.000
   4260      -14.000
   4270       -6.000
   4280       -6.000
   4290      -14.000
   4300       -6.000
   4310      -18.000
   4320       -6.000
   4330      -10.000
   4340      -30.000
   4350       -6.000
   4360      -10.000
   4370      -14.000
   4380      -14.000
   4390      -22.000
   4400      -18.000
   4410      -10.000
   4420       -6.000
   4430      -38.000
   4440       -2.000
   4450      -10.000
   4460       -6.000
   4470      -10.000
   4480      -30.000
   4490      -22.000
   4500      -10.000
   4510      -30.000
   4520      -18.000
   4530      -14.000
   4540        2.000
   4550      -14.000
   4560      -30.000
   4570       -2.000
   4580      -26.000
   4590      -10.000
   4600       -2.000
   4610      -14.000
   4620      -18.000
   4630      -22.000
   4640      -34.000
   4650      -22.000
   4660      -14.000
   4670      -10.000
   4680      -10.000
   4690        2.000
   4700      -14.000
   4710      -30.000
   4720      -30.000
   4730      -18.000
   4740       -6.000
   4750      -18.000
   4760       -6.000
   4770      -22.000
   4780      -10.000
   4790      -10.000
   4800      -10.000
   4810      -18.000
   4820      -10.000
   4830       -2.000
   4840      -22.000
   4850      -18.000
   4860       -6.000
   4870       -2.000
   4880      -22.000
   4890      -14.000
   4900      -22.000
   4910      -18.000
   4920      -30.000
   4930       -6.000
   4940       -2.000
   4950      -14.000
   4960      -14.000
   4970      -50.000
   4980      -50.000
   4990      -22.000
   5000      -26.000
   5010      -18.000
   5020      -14.000
   5030      -18.000
   5040      -22.000
   5050      -14.000
   5060      -18.000
   5070      -42.000
   5080      -30.000
   5090      -10.000
   5100       -2.000
   5110      -14.000
   5120      -18.000
   5130       -6.000
   5140      -14.000
   5150       -6.000
   5160      -14.000
   5170      -42.000
   5180      -42.000
   5190       -6.000
   5200      -26.000
   5210      -14.000
   5220      -14.000
   5230      -18.000
   5240      -10.000
   5250      -14.000
   5260      -30.000
   5270      -18.000
   5280      -30.000
   5290      -10.000
   5300      -26.000
   5310       -6.000
   5320       -2.000
   5330       10.000
   5340      -18.000
   5350      -14.000
   5360      -14.000
   5370      -18.000
   5380      -50.000
   5390      -10.000
   5400      -10.000
   5410      -22.000
   5420       -6.000
   5430      -14.000
   5440      -22.000
   5450      -14.000
   5460      -10.000
   5470      -10.000
   5480      -14.000
   5490      -26.000
   5500      -22.000
   5510      -30.000
   5520      -18.000
   5530       -6.000
   5540      -18.000
   5550      -38.000
   5560      -30.000
   5570      -18.000
   5580      -14.000
   5590      -30.000
   5600      -26.000
   5610      -18.000
   5620      -22.000
   5630      -14.000
   5640      -26.000
   5650      -22.000
   5660      -26.000
   5670       -2.000
   5680      -14.000
   5690      -10.000
   5700      -18.000
   5710      -14.000
   5720      -26.000
   5730       -2.000
   5740      -10.000
   5750      -14.000
   5760      -34.000
   5770      -14.000
   5780        2.000
   5790      -10.000
   5800       -2.000
   5810      -26.000
   5820      -30.000
   5830      -10.000
   5840      -10.000
   5850      -34.000
   5860       -2.000
   5870      -30.000
   5880      -10.000
   5890      -18.000
   5900      -14.000
   5910      -18.000
   5920      -10.000
   5930      -14.000
   5940      -14.000
   5950      -10.000
   5960      -18.000
   5970      -22.000
   5980      -26.000
   5990      -18.000
   6000      -14.000
   6010      -26.000
   6020      -14.000
   6030      -18.000
   6040      -18.000
   6050       -6.000
   6060      -26.000
   6070      -18.000
   6080       -6.000
   6090      -26.000
   6100      -14.000
   6110       -6.000
   6120        6.000
   6130      -14.000
   6140      -14.000
   6150      -18.000
   6160      -14.000
   6170      -14.000
   6180      -26.000
   6190      -14.000
   6200      -14.000
   6210      -14.000
   6220      -10.000
   6230      -14.000
   6240      -26.000
   6250      -10.000
   6260      -10.000
   6270      -22.000
   6280      -18.000
   6290       -6.000
   6300      -18.000
   6310      -10.000
   6320       -2.000
   6330       -6.000
   6340      -30.000
   6350       -6.000
   6360      -10.000
   6370      -10.000
   6380      -34.000
   6390      -30.000
   6400      -30.000
   6410      -38.000
   6420       -6.000
   6430      -14.000
   6440      -18.000
   6450      -10.000
   6460      -14.000
   6470      -14.000
   6480      -10.000
   6490      -22.000
   6500      -14.000
   6510      -18.000
   6520      -14.000
   6530      -34.000
   6540      -30.000
   6550      -14.000
   6560       -6.000
   6570      -14.000
   6580      -14.000
   6590      -10.000
   6600      -10.000
   6610       -6.000
   6620      -14.000
   6630      -34.000
   6640       -6.000
   6650      -14.000
   6660      -22.000
   6670      -18.000
   6680      -38.000
   6690      -14.000
   6700      -18.000
   6710      -10.000
   6720      -18.000
   6730      -10.000
   6740      -14.000
   6750       -2.000
   6760       -6.000
   6770      -22.000
   6780      -18.000
   6790      -26.000
   6800      -22.000
   6810      -42.000
   6820      -26.000
   6830      -10.000
   6840      -10.000
   6850      -18.000
   6860       -6.000
   6870      -18.000
   6880      -10.000
   6890       -6.000
   6900      -26.000
   6910       -6.000
   6920      -14.000
   6930      -14.000
   6940      -10.000
   6950      -14.000
   6960      -10.000
   6970      -42.000
   6980      -18.000
   6990       -2.000
   7000      -22.000
   7010      -22.000
   7020      -14.000
   7030      -10.000
   7040      -14.000
   7050      -18.000
   7060      -10.000
   7070      -14.000
   7080       -2.000
   7090      -18.000
   7100       -2.000
   7110       -6.000
   7120      -14.000
   7130      -10.000
   7140      -14.000
   7150      -26.000
   7160      -14.000
   7170      -10.000
   7180       -6.000
   7190      -22.000
   7200      -22.000
   7210      -14.000
   7220       -2.000
   7230      -10.000
   7240       -6.000
   7250      -34.000
   7260       -6.000
   7270      -18.000
   7280       -6.000
   7290      -30.000
   7300      -14.000
   7310      -18.000
   7320        2.000
   7330      -10.000
   7340      -30.000
   7350      -14.000
   7360      -26.000
   7370       -6.000
   7380      -18.000
   7390      -10.000
   7400       -6.000
   7410      -22.000
   7420      -14.000
   7430      -18.000
   7440       -2.000
   7450      -18.000
   7460      -14.000
   7470      -42.000
   7480      -14.000
   7490      -10.000
   7500      -30.000
   7510       -6.000
   7520       -2.000
   7530      -10.000
   7540      -18.000
   7550      -10.000
   7560      -18.000
   7570      -22.000
   7580        2.000
   7590      -38.000
   7600      -14.000
   7610      -30.000
   7620       -6.000
   7630      -10.000
   7640      -22.000
   7650      -18.000
   7660      -10.000
   7670      -26.000
   7680      -30.000
   7690      -30.000
   7700      -22.000
   7710      -26.000
   7720      -38.000
   7730      -14.000
   7740       -2.000
   7750      -10.000
   7760      -18.000
   7770      -42.000
   7780      -42.000
   7790      -10.000
   7800       -2.000
   7810       -6.000
   7820      -26.000
   7830      -22.000
   7840       -6.000
   7850      -10.000
   7860      -18.000
   7870      -26.000
   7880       -6.000
   7890       -2.000
   7900      -10.000
   7910      -38.000
   7920      -18.000
   7930      -14.000
   7940      -14.000
   7950      -10.000
   7960      -14.000
   7970      -14.000
   7980      -18.000
   7990      -18.000
   8000      -10.000
   8010      -14.000
   8020      -14.000
   8030      -14.000
   8040      -14.000
   8050      -10.000
   8060      -26.000
   8070      -18.000
   8080      -18.000
   8090      -14.000
   8100       -6.000
   8110      -22.000
   8120       -6.000
   8130       -2.000
   8140       -2.000
   8150      -18.000
   8160      -10.000
   8170      -14.000
   8180      -10.000
   8190       -6.000
   8200      -10.000
   8210       -6.000
   8220      -10.000
   8230      -18.000
   8240      -18.000
   8250      -18.000
   8260       -6.000
   8270      -14.000
   8280      -10.000
   8290      -10.000
   8300      -38.000
   8310      -22.000
   8320      -22.000
   8330      -14.000
   8340       -6.000
   8350      -22.000
   8360      -18.000
   8370      -14.000
   8380      -14.000
   8390      -14.000
   8400       -2.000
   8410      -22.000
   8420       -6.000
   8430      -14.000
   8440      -26.000
   8450        2.000
   8460      -22.000
   8470        2.000
   8480       -2.000
   8490      -10.000
   8500      -22.000
   8510      -10.000
   8520      -18.000
   8530      -18.000
   8540      -14.000
   8550      -18.000
   8560      -30.000
   8570      -30.000
   8580      -42.000
   8590      -10.000
   8600      -14.000
   8610      -22.000
   8620       -6.000
   8630      -10.000
   8640      -14.000
   8650      -18.000
   8660      -14.000
   8670      -14.000
   8680       -2.000
   8690      -10.000
   8700      -10.000
   8710      -10.000
   8720      -14.000
   8730      -14.000
   8740      -18.000
   8750      -26.000
   8760      -30.000
   8770      -26.000
   8780      -14.000
   8790      -26.000
   8800      -22.000
   8810      -18.000
   8820      -10.000
   8830       -6.000
   8840      -14.000
   8850      -10.000
   8860      -22.000
   8870       -6.000
   8880      -10.000
   8890      -10.000
   8900      -10.000
   8910      -26.000
   8920      -10.000
   8930      -10.000
   8940      -14.000
   8950      -22.000
   8960        6.000
   8970      -14.000
   8980      -30.000
   8990      -14.000
   9000        2.000
   9010      -10.000
   9020      -18.000
   9030      -10.000
   9040       -6.000
   9050      -50.000
   9060        2.000
   9070      -22.000
   9080       -6.000
   9090      -18.000
   9100      -14.000
   9110      -10.000
   9120      -14.000
   9130       -6.000
   9140      -14.000
   9150      -14.000
   9160      -18.000
   9170      -26.000
   9180      -26.000
   9190      -14.000
   9200       -6.000
   9210      -26.000
   9220      -14.000
   9230      -14.000
   9240      -14.000
   9250      -10.000
   9260      -14.000
   9270      -18.000
   9280        2.000
   9290       -2.000
   9300      -14.000
   9310      -14.000
   9320      -18.000
   9330      -10.000
   9340      -22.000
   9350      -50.000
   9360      -18.000
   9370      -14.000
   9380       -6.000
   9390       -6.000
   9400      -10.000
   9410      -18.000
   9420       -6.000
   9430       -6.000
   9440      -22.000
   9450      -22.000
   9460      -10.000
   9470      -10.000
   9480      -14.000
   9490       -2.000
   9500      -22.000
   9510      -10.000
   9520      -38.000
   9530      -18.000
   9540      -10.000
   9550      -18.000
   9560        2.000
   9570      -22.000
   9580      -18.000
   9590      -22.000
   9600      -14.000
   9610       -6.000
   9620      -14.000
   9630      -22.000
   9640      -22.000
   9650      -26.000
   9660      -14.000
   9670      -22.000
   9680      -26.000
   9690      -14.000
   9700      -14.000
   9710       -6.000
   9720       -6.000
   9730      -14.000
   9740       -6.000
   9750      -26.000
   9760      -26.000
   9770      -10.000
   9780      -14.000
   9790       -6.000
   9800       -6.000
   9810       -2.000
   9820      -10.000
   9830      -22.000
   9840      -10.000
   9850       -2.000
   9860      -18.000
   9870      -26.000
   9880      -18.000
   9890      -22.000
   9900       -6.000
   9910      -10.000
   9920      -18.000
   9930      -42.000
   9940      -34.000
   9950      -10.000
   9960      -26.000
   9970      -10.000
   9980      -10.000
   9990      -50.000
