0.69897  -2.757417e+00
9.542425e-01  -5.045003e+00
1.113943e+00  -6.229128e+00
1.230449e+00  -7.032563e+00
1.322219e+00  -7.638710e+00
1.397940e+00  -8.127142e+00
1.462398e+00  -8.536851e+00
1.518514e+00  -8.890006e+00
1.568202e+00  -9.200486e+00
1.612784e+00  -9.477580e+00
1.653213e+00  -9.727822e+00
1.690196e+00  -9.955984e+00
1.724276e+00  -1.016568e+01
1.755875e+00  -1.035967e+01
1.785330e+00  -1.054016e+01
1.812913e+00  -1.070892e+01
1.838849e+00  -1.086736e+01
1.863323e+00  -1.101673e+01
1.886491e+00  -1.115793e+01
1.908485e+00  -1.129186e+01
1.929419e+00  -1.141929e+01
1.949390e+00  -1.154077e+01
1.968483e+00  -1.165669e+01
1.986772e+00  -1.176785e+01
2.004321e+00  -1.187428e+01
2.021189e+00  -1.197662e+01
2.037426e+00  -1.207476e+01
2.053078e+00  -1.216988e+01
2.068186e+00  -1.226159e+01
2.082785e+00  -1.235007e+01
2.096910e+00  -1.243448e+01
2.110590e+00  -1.251762e+01
2.123852e+00  -1.259917e+01
2.136721e+00  -1.267824e+01
2.149219e+00  -1.275151e+01
2.161368e+00  -1.282526e+01
2.173186e+00  -1.289757e+01
2.184691e+00  -1.296864e+01
2.195900e+00  -1.303672e+01
2.206826e+00  -1.310127e+01
2.217484e+00  -1.316626e+01
2.227887e+00  -1.323127e+01
2.238046e+00  -1.329055e+01
2.247973e+00  -1.335320e+01
2.257679e+00  -1.340906e+01
2.267172e+00  -1.347120e+01
2.276462e+00  -1.351893e+01
2.285557e+00  -1.358515e+01
2.294466e+00  -1.362527e+01
2.303196e+00  -1.367572e+01
2.311754e+00  -1.372924e+01
2.320146e+00  -1.377817e+01
2.328380e+00  -1.384711e+01
2.336460e+00  -1.389132e+01
2.344392e+00  -1.391251e+01
2.352183e+00  -1.396434e+01
2.359835e+00  -1.401626e+01
2.367356e+00  -1.405972e+01
2.374748e+00  -1.410803e+01
2.382017e+00  -1.415284e+01
2.389166e+00  -1.419235e+01
2.396199e+00  -1.423581e+01
2.403121e+00  -1.427153e+01
2.409933e+00  -1.438423e+01
2.416641e+00  -1.443539e+01
2.423246e+00  -1.441766e+01
2.429752e+00  -1.449338e+01
2.436163e+00  -1.449338e+01
2.442480e+00  -1.449338e+01
2.448706e+00  -1.449338e+01
2.454845e+00  -1.451457e+01
2.460898e+00  -1.456032e+01
2.466868e+00  -1.470165e+01
2.472756e+00  -1.491251e+01
2.478566e+00  -1.503745e+01
2.484300e+00  -1.473642e+01
2.489958e+00  -1.466947e+01
2.495544e+00  -1.486135e+01
2.501059e+00  -1.470165e+01
2.506505e+00  -1.477420e+01
2.511883e+00  -1.456032e+01
2.517196e+00  -1.497050e+01
2.522444e+00  -1.581560e+01
2.527630e+00  -1.503745e+01
2.532754e+00  -1.481560e+01
2.537819e+00  -1.503745e+01
2.542825e+00  -1.533848e+01
2.547775e+00  -1.551457e+01
2.552668e+00  -inf
2.557507e+00  -1.497050e+01
2.562293e+00  -1.521354e+01
2.567026e+00  -1.466947e+01
2.571709e+00  -1.521354e+01
2.576341e+00  -1.551457e+01
2.580925e+00  -1.551457e+01
2.585461e+00  -1.551457e+01
2.589950e+00  -1.551457e+01
2.594393e+00  -1.511663e+01
2.598791e+00  -1.511663e+01
2.603144e+00  -inf
2.607455e+00  -1.511663e+01
2.611723e+00  -inf
2.615950e+00  -1.497050e+01
2.620136e+00  -1.511663e+01
2.624282e+00  -1.503745e+01
2.628389e+00  -1.497050e+01
2.632457e+00  -1.521354e+01
2.636488e+00  -1.581560e+01
2.640481e+00  -inf
2.644439e+00  -1.551457e+01
2.648360e+00  -inf
2.652246e+00  -1.581560e+01
2.656098e+00  -1.551457e+01
2.659916e+00  -1.533848e+01
2.663701e+00  -inf
2.667453e+00  -1.521354e+01
2.671173e+00  -1.491251e+01
2.674861e+00  -1.551457e+01
2.678518e+00  -1.533848e+01
2.682145e+00  -1.521354e+01
2.685742e+00  -1.551457e+01
2.689309e+00  -1.521354e+01
2.692847e+00  -1.581560e+01
2.696356e+00  -1.521354e+01
2.699838e+00  -1.503745e+01
2.703291e+00  -1.521354e+01
2.706718e+00  -1.551457e+01
2.710117e+00  -1.473642e+01
2.713491e+00  -1.511663e+01
2.716838e+00  -1.581560e+01
2.720159e+00  -1.533848e+01
2.723456e+00  -inf
2.726727e+00  -1.503745e+01
2.729974e+00  -1.581560e+01
2.733197e+00  -1.533848e+01
2.736397e+00  -1.477420e+01
2.739572e+00  -inf
2.742725e+00  -1.486135e+01
2.745855e+00  -1.533848e+01
2.748963e+00  -1.533848e+01
2.752048e+00  -1.533848e+01
2.755112e+00  -1.581560e+01
2.758155e+00  -1.503745e+01
2.761176e+00  -1.481560e+01
2.764176e+00  -1.581560e+01
2.767156e+00  -1.533848e+01
2.770115e+00  -1.551457e+01
2.773055e+00  -1.503745e+01
2.775974e+00  -1.551457e+01
2.778874e+00  -inf
2.781755e+00  -1.503745e+01
2.784617e+00  -1.533848e+01
2.787460e+00  -1.581560e+01
2.790285e+00  -1.521354e+01
2.793092e+00  -1.503745e+01
2.795880e+00  -1.497050e+01
2.798651e+00  -1.521354e+01
2.801404e+00  -1.533848e+01
2.804139e+00  -1.521354e+01
2.806858e+00  -1.503745e+01
2.809560e+00  -1.497050e+01
2.812245e+00  -inf
2.814913e+00  -1.503745e+01
2.817565e+00  -1.497050e+01
2.820201e+00  -1.581560e+01
2.822822e+00  -1.521354e+01
2.825426e+00  -1.521354e+01
2.828015e+00  -1.581560e+01
2.830589e+00  -1.521354e+01
2.833147e+00  -1.497050e+01
2.835691e+00  -1.521354e+01
2.838219e+00  -1.497050e+01
2.840733e+00  -1.511663e+01
2.843233e+00  -1.581560e+01
2.845718e+00  -1.481560e+01
2.848189e+00  -1.511663e+01
2.850646e+00  -1.477420e+01
2.853090e+00  -1.497050e+01
2.855519e+00  -1.473642e+01
2.857935e+00  -1.581560e+01
2.860338e+00  -1.551457e+01
2.862728e+00  -1.481560e+01
2.865104e+00  -1.521354e+01
2.867467e+00  -1.581560e+01
2.869818e+00  -1.497050e+01
2.872156e+00  -1.533848e+01
2.874482e+00  -1.551457e+01
2.876795e+00  -1.533848e+01
2.879096e+00  -1.511663e+01
2.881385e+00  -1.486135e+01
2.883661e+00  -inf
2.885926e+00  -inf
2.888179e+00  -1.533848e+01
2.890421e+00  -1.533848e+01
2.892651e+00  -1.503745e+01
2.894870e+00  -1.581560e+01
2.897077e+00  -1.473642e+01
2.899273e+00  -1.551457e+01
2.901458e+00  -1.551457e+01
2.903633e+00  -1.491251e+01
2.905796e+00  -1.581560e+01
2.907949e+00  -1.551457e+01
2.910091e+00  -1.533848e+01
2.912222e+00  -inf
2.914343e+00  -1.481560e+01
2.916454e+00  -inf
2.918555e+00  -1.481560e+01
2.920645e+00  -1.491251e+01
2.922725e+00  -1.486135e+01
2.924796e+00  -1.551457e+01
2.926857e+00  -1.533848e+01
2.928908e+00  -1.503745e+01
2.930949e+00  -1.486135e+01
2.932981e+00  -1.551457e+01
2.935003e+00  -1.511663e+01
2.937016e+00  -1.511663e+01
2.939020e+00  -1.497050e+01
2.941014e+00  -1.491251e+01
2.943000e+00  -1.503745e+01
2.944976e+00  -1.470165e+01
2.946943e+00  -1.581560e+01
2.948902e+00  -1.477420e+01
2.950851e+00  -1.581560e+01
2.952792e+00  -1.533848e+01
2.954725e+00  -1.481560e+01
2.956649e+00  -1.473642e+01
2.958564e+00  -1.551457e+01
2.960471e+00  -inf
2.962369e+00  -inf
2.964260e+00  -1.533848e+01
2.966142e+00  -1.521354e+01
2.968016e+00  -1.521354e+01
2.969882e+00  -1.477420e+01
2.971740e+00  -1.581560e+01
2.973590e+00  -1.533848e+01
2.975432e+00  -1.481560e+01
2.977266e+00  -1.521354e+01
2.979093e+00  -1.533848e+01
2.980912e+00  -1.486135e+01
2.982723e+00  -1.503745e+01
2.984527e+00  -1.551457e+01
2.986324e+00  -1.521354e+01
2.988113e+00  -1.521354e+01
2.989895e+00  -1.470165e+01
2.991669e+00  -1.497050e+01
2.993436e+00  -1.551457e+01
2.995196e+00  -inf
2.996949e+00  -1.581560e+01
2.998695e+00  -1.470165e+01
3.000434e+00  -1.503745e+01
3.002166e+00  -1.503745e+01
3.003891e+00  -1.533848e+01
3.005609e+00  -1.466947e+01
3.007321e+00  -1.470165e+01
3.009026e+00  -1.521354e+01
3.010724e+00  -1.511663e+01
3.012415e+00  -1.521354e+01
3.014100e+00  -1.497050e+01
3.015779e+00  -1.503745e+01
3.017451e+00  -1.473642e+01
3.019116e+00  -1.521354e+01
3.020775e+00  -1.491251e+01
3.022428e+00  -1.503745e+01
3.024075e+00  -1.581560e+01
3.025715e+00  -1.486135e+01
3.027350e+00  -1.551457e+01
3.028978e+00  -1.473642e+01
3.030600e+00  -1.511663e+01
3.032216e+00  -1.511663e+01
3.033826e+00  -1.533848e+01
3.035430e+00  -1.551457e+01
3.037028e+00  -1.511663e+01
3.038620e+00  -1.486135e+01
3.040207e+00  -1.581560e+01
3.041787e+00  -1.503745e+01
3.043362e+00  -1.511663e+01
3.044932e+00  -1.551457e+01
3.046495e+00  -1.521354e+01
3.048053e+00  -1.466947e+01
3.049606e+00  -1.503745e+01
3.051153e+00  -1.533848e+01
3.052694e+00  -1.503745e+01
3.054230e+00  -inf
3.055760e+00  -1.486135e+01
3.057286e+00  -1.511663e+01
3.058805e+00  -1.581560e+01
3.060320e+00  -1.551457e+01
3.061829e+00  -1.521354e+01
3.063333e+00  -1.511663e+01
3.064832e+00  -1.581560e+01
3.066326e+00  -1.551457e+01
3.067815e+00  -1.521354e+01
3.069298e+00  -1.477420e+01
3.070776e+00  -1.503745e+01
3.072250e+00  -1.551457e+01
3.073718e+00  -1.551457e+01
3.075182e+00  -1.581560e+01
3.076640e+00  -1.466947e+01
3.078094e+00  -1.551457e+01
3.079543e+00  -1.486135e+01
3.080987e+00  -1.511663e+01
3.082426e+00  -1.521354e+01
3.083861e+00  -1.491251e+01
3.085291e+00  -1.491251e+01
3.086716e+00  -1.470165e+01
3.088136e+00  -1.486135e+01
3.089552e+00  -1.511663e+01
3.090963e+00  -1.533848e+01
3.092370e+00  -1.486135e+01
3.093772e+00  -1.521354e+01
3.095169e+00  -1.503745e+01
3.096562e+00  -1.491251e+01
3.097951e+00  -1.503745e+01
3.099335e+00  -1.473642e+01
3.100715e+00  -1.521354e+01
3.102091e+00  -1.477420e+01
3.103462e+00  -1.551457e+01
3.104828e+00  -1.497050e+01
3.106191e+00  -1.443539e+01
3.107549e+00  -1.551457e+01
3.108903e+00  -1.551457e+01
3.110253e+00  -1.521354e+01
3.111599e+00  -1.503745e+01
3.112940e+00  -1.533848e+01
3.114277e+00  -1.503745e+01
3.115611e+00  -1.511663e+01
3.116940e+00  -1.551457e+01
3.118265e+00  -1.503745e+01
3.119586e+00  -1.533848e+01
3.120903e+00  -1.491251e+01
3.122216e+00  -1.521354e+01
3.123525e+00  -1.581560e+01
3.124830e+00  -1.491251e+01
3.126131e+00  -1.503745e+01
3.127429e+00  -1.497050e+01
3.128722e+00  -1.477420e+01
3.130012e+00  -1.447317e+01
3.131298e+00  -1.521354e+01
3.132580e+00  -1.481560e+01
3.133858e+00  -1.503745e+01
3.135133e+00  -1.521354e+01
3.136403e+00  -1.521354e+01
3.137671e+00  -1.486135e+01
3.138934e+00  -1.477420e+01
3.140194e+00  -inf
3.141450e+00  -1.551457e+01
3.142702e+00  -1.456032e+01
3.143951e+00  -1.503745e+01
3.145196e+00  -1.486135e+01
3.146438e+00  -1.491251e+01
3.147676e+00  -1.521354e+01
3.148911e+00  -1.551457e+01
3.150142e+00  -1.533848e+01
3.151370e+00  -1.533848e+01
3.152594e+00  -1.497050e+01
3.153815e+00  -1.533848e+01
3.155032e+00  -1.521354e+01
3.156246e+00  -1.463951e+01
3.157457e+00  -1.581560e+01
3.158664e+00  -1.481560e+01
3.159868e+00  -1.481560e+01
3.161068e+00  -1.481560e+01
3.162266e+00  -1.533848e+01
3.163460e+00  -1.497050e+01
3.164650e+00  -1.551457e+01
3.165838e+00  -1.491251e+01
3.167022e+00  -1.521354e+01
3.168203e+00  -1.521354e+01
3.169380e+00  -1.486135e+01
3.170555e+00  -inf
3.171726e+00  -inf
3.172895e+00  -inf
3.174060e+00  -1.486135e+01
3.175222e+00  -1.486135e+01
3.176381e+00  -1.511663e+01
3.177536e+00  -1.486135e+01
3.178689e+00  -inf
3.179839e+00  -1.511663e+01
3.180986e+00  -1.533848e+01
3.182129e+00  -1.497050e+01
3.183270e+00  -1.581560e+01
3.184407e+00  -1.581560e+01
3.185542e+00  -1.486135e+01
3.186674e+00  -1.581560e+01
3.187803e+00  -1.533848e+01
3.188928e+00  -1.458515e+01
3.190051e+00  -1.497050e+01
3.191171e+00  -inf
3.192289e+00  -1.551457e+01
3.193403e+00  -1.503745e+01
3.194514e+00  -1.551457e+01
3.195623e+00  -1.551457e+01
3.196729e+00  -1.486135e+01
3.197832e+00  -1.521354e+01
3.198932e+00  -1.503745e+01
3.200029e+00  -1.503745e+01
3.201124e+00  -1.497050e+01
3.202216e+00  -1.511663e+01
3.203305e+00  -1.581560e+01
3.204391e+00  -1.511663e+01
3.205475e+00  -inf
3.206556e+00  -1.451457e+01
3.207634e+00  -1.473642e+01
3.208710e+00  -1.486135e+01
3.209783e+00  -1.497050e+01
3.210853e+00  -inf
3.211921e+00  -1.473642e+01
3.212986e+00  -1.511663e+01
3.214049e+00  -1.581560e+01
3.215109e+00  -1.521354e+01
3.216166e+00  -1.551457e+01
3.217221e+00  -1.497050e+01
3.218273e+00  -1.463951e+01
3.219323e+00  -1.486135e+01
3.220370e+00  -1.581560e+01
3.221414e+00  -1.581560e+01
3.222456e+00  -1.533848e+01
3.223496e+00  -1.533848e+01
3.224533e+00  -1.551457e+01
3.225568e+00  -1.486135e+01
3.226600e+00  -1.511663e+01
3.227630e+00  -1.581560e+01
3.228657e+00  -1.473642e+01
3.229682e+00  -1.477420e+01
3.230704e+00  -1.581560e+01
3.231724e+00  -1.497050e+01
3.232742e+00  -1.551457e+01
3.233757e+00  -1.521354e+01
3.234770e+00  -1.453684e+01
3.235781e+00  -1.581560e+01
3.236789e+00  -inf
3.237795e+00  -1.458515e+01
3.238799e+00  -1.463951e+01
3.239800e+00  -1.486135e+01
3.240799e+00  -1.533848e+01
3.241795e+00  -1.533848e+01
3.242790e+00  -1.521354e+01
3.243782e+00  -1.481560e+01
3.244772e+00  -1.521354e+01
3.245759e+00  -1.503745e+01
3.246745e+00  -1.581560e+01
3.247728e+00  -1.451457e+01
3.248709e+00  -1.458515e+01
3.249687e+00  -1.551457e+01
3.250664e+00  -1.473642e+01
3.251638e+00  -1.521354e+01
3.252610e+00  -1.533848e+01
3.253580e+00  -1.497050e+01
3.254548e+00  -1.521354e+01
3.255514e+00  -1.503745e+01
3.256477e+00  -1.473642e+01
3.257439e+00  -1.461148e+01
3.258398e+00  -1.466947e+01
3.259355e+00  -1.491251e+01
3.260310e+00  -1.491251e+01
3.261263e+00  -1.477420e+01
3.262214e+00  -1.473642e+01
3.263162e+00  -1.551457e+01
3.264109e+00  -1.473642e+01
3.265054e+00  -1.466947e+01
3.265996e+00  -1.461148e+01
3.266937e+00  -1.477420e+01
3.267875e+00  -1.503745e+01
3.268812e+00  -1.463951e+01
3.269746e+00  -1.551457e+01
3.270679e+00  -1.486135e+01
3.271609e+00  -1.458515e+01
3.272538e+00  -1.533848e+01
3.273464e+00  -1.511663e+01
3.274389e+00  -1.533848e+01
3.275311e+00  -1.551457e+01
3.276232e+00  -1.581560e+01
3.277151e+00  -1.461148e+01
3.278067e+00  -1.477420e+01
3.278982e+00  -1.511663e+01
3.279895e+00  -1.491251e+01
3.280806e+00  -1.497050e+01
3.281715e+00  -1.481560e+01
3.282622e+00  -1.481560e+01
3.283527e+00  -1.463951e+01
3.284431e+00  -1.481560e+01
3.285332e+00  -1.581560e+01
3.286232e+00  -1.466947e+01
3.287130e+00  -1.511663e+01
3.288026e+00  -1.533848e+01
3.288920e+00  -1.551457e+01
3.289812e+00  -1.449338e+01
3.290702e+00  -1.473642e+01
3.291591e+00  -1.533848e+01
3.292478e+00  -1.551457e+01
3.293363e+00  -1.581560e+01
3.294246e+00  -1.486135e+01
3.295127e+00  -1.466947e+01
3.296007e+00  -1.511663e+01
3.296884e+00  -1.440062e+01
3.297761e+00  -1.511663e+01
3.298635e+00  -1.458515e+01
3.299507e+00  -inf
3.300378e+00  -1.521354e+01
3.301247e+00  -1.551457e+01
3.302114e+00  -inf
3.302980e+00  -1.470165e+01
3.303844e+00  -1.451457e+01
3.304706e+00  -1.463951e+01
3.305566e+00  -1.581560e+01
3.306425e+00  -1.511663e+01
3.307282e+00  -1.551457e+01
3.308137e+00  -1.456032e+01
3.308991e+00  -1.497050e+01
3.309843e+00  -1.470165e+01
3.310693e+00  -1.511663e+01
3.311542e+00  -1.491251e+01
3.312389e+00  -1.503745e+01
3.313234e+00  -1.497050e+01
3.314078e+00  -1.497050e+01
3.314920e+00  -1.429708e+01
3.315760e+00  -1.497050e+01
3.316599e+00  -1.521354e+01
3.317436e+00  -1.473642e+01
3.318272e+00  -1.497050e+01
3.319106e+00  -1.466947e+01
3.319938e+00  -1.456032e+01
3.320769e+00  -1.491251e+01
3.321598e+00  -1.491251e+01
3.322426e+00  -1.503745e+01
3.323252e+00  -1.533848e+01
3.324077e+00  -1.503745e+01
3.324899e+00  -1.497050e+01
3.325721e+00  -1.473642e+01
3.326541e+00  -1.481560e+01
3.327359e+00  -1.551457e+01
3.328176e+00  -1.486135e+01
3.328991e+00  -1.486135e+01
3.329805e+00  -1.551457e+01
3.330617e+00  -1.503745e+01
3.331427e+00  -1.481560e+01
3.332236e+00  -1.503745e+01
3.333044e+00  -inf
3.333850e+00  -1.486135e+01
3.334655e+00  -1.581560e+01
3.335458e+00  -1.497050e+01
3.336260e+00  -1.497050e+01
3.337060e+00  -1.503745e+01
3.337858e+00  -1.521354e+01
3.338656e+00  -1.481560e+01
3.339451e+00  -1.511663e+01
3.340246e+00  -1.477420e+01
3.341039e+00  -1.497050e+01
3.341830e+00  -1.481560e+01
3.342620e+00  -1.477420e+01
3.343409e+00  -1.491251e+01
3.344196e+00  -1.521354e+01
3.344981e+00  -1.533848e+01
3.345766e+00  -1.581560e+01
3.346549e+00  -1.581560e+01
3.347330e+00  -1.503745e+01
3.348110e+00  -1.503745e+01
3.348889e+00  -1.551457e+01
3.349666e+00  -1.461148e+01
3.350442e+00  -1.511663e+01
3.351216e+00  -1.486135e+01
3.351989e+00  -1.473642e+01
3.352761e+00  -1.497050e+01
3.353532e+00  -1.491251e+01
3.354301e+00  -1.486135e+01
3.355068e+00  -1.581560e+01
3.355834e+00  -1.521354e+01
3.356599e+00  -1.449338e+01
3.357363e+00  -1.497050e+01
3.358125e+00  -1.581560e+01
3.358886e+00  -1.511663e+01
3.359646e+00  -1.581560e+01
3.360404e+00  -1.463951e+01
3.361161e+00  -inf
3.361917e+00  -1.521354e+01
3.362671e+00  -1.521354e+01
3.363424e+00  -1.466947e+01
3.364176e+00  -inf
3.364926e+00  -1.581560e+01
3.365675e+00  -1.491251e+01
3.366423e+00  -inf
3.367169e+00  -1.491251e+01
3.367915e+00  -1.461148e+01
3.368659e+00  -1.551457e+01
3.369401e+00  -1.497050e+01
3.370143e+00  -1.470165e+01
3.370883e+00  -inf
3.371622e+00  -1.521354e+01
3.372360e+00  -1.497050e+01
3.373096e+00  -1.473642e+01
3.373831e+00  -1.481560e+01
3.374565e+00  -1.463951e+01
3.375298e+00  -1.497050e+01
3.376029e+00  -1.491251e+01
3.376759e+00  -1.453684e+01
3.377488e+00  -1.521354e+01
3.378216e+00  -1.497050e+01
3.378943e+00  -1.521354e+01
3.379668e+00  -1.521354e+01
3.380392e+00  -1.491251e+01
3.381115e+00  -1.511663e+01
3.381837e+00  -1.503745e+01
3.382557e+00  -1.581560e+01
3.383277e+00  -inf
3.383995e+00  -1.461148e+01
3.384712e+00  -1.497050e+01
3.385428e+00  -1.466947e+01
3.386142e+00  -1.551457e+01
3.386856e+00  -1.456032e+01
3.387568e+00  -1.533848e+01
3.388279e+00  -1.470165e+01
3.388989e+00  -1.551457e+01
3.389698e+00  -1.581560e+01
3.390405e+00  -1.581560e+01
3.391112e+00  -1.470165e+01
3.391817e+00  -1.470165e+01
3.392521e+00  -1.533848e+01
3.393224e+00  -1.511663e+01
3.393926e+00  -1.533848e+01
3.394627e+00  -1.473642e+01
3.395326e+00  -1.533848e+01
3.396025e+00  -1.533848e+01
3.396722e+00  -1.551457e+01
3.397419e+00  -1.497050e+01
3.398114e+00  -1.533848e+01
3.398808e+00  -1.458515e+01
3.399501e+00  -1.491251e+01
3.400192e+00  -1.551457e+01
3.400883e+00  -1.458515e+01
3.401573e+00  -1.491251e+01
3.402261e+00  -1.533848e+01
3.402949e+00  -1.533848e+01
3.403635e+00  -1.481560e+01
3.404320e+00  -1.511663e+01
3.405005e+00  -1.503745e+01
3.405688e+00  -1.533848e+01
3.406370e+00  -1.473642e+01
3.407051e+00  -1.440062e+01
3.407731e+00  -1.533848e+01
3.408410e+00  -1.521354e+01
3.409087e+00  -1.551457e+01
3.409764e+00  -1.477420e+01
3.410440e+00  -1.466947e+01
3.411114e+00  -1.477420e+01
3.411788e+00  -1.551457e+01
3.412461e+00  -1.581560e+01
3.413132e+00  -1.491251e+01
3.413803e+00  -1.486135e+01
3.414472e+00  -1.461148e+01
3.415140e+00  -1.533848e+01
3.415808e+00  -1.463951e+01
3.416474e+00  -1.451457e+01
3.417139e+00  -1.473642e+01
3.417804e+00  -1.521354e+01
3.418467e+00  -1.491251e+01
3.419129e+00  -1.511663e+01
3.419791e+00  -1.447317e+01
3.420451e+00  -1.463951e+01
3.421110e+00  -1.451457e+01
3.421768e+00  -1.533848e+01
3.422426e+00  -1.521354e+01
3.423082e+00  -1.461148e+01
3.423737e+00  -1.497050e+01
3.424392e+00  -1.451457e+01
3.425045e+00  -1.521354e+01
3.425697e+00  -1.497050e+01
3.426349e+00  -1.440062e+01
3.426999e+00  -1.443539e+01
3.427648e+00  -1.445387e+01
3.428297e+00  -1.511663e+01
3.428944e+00  -1.458515e+01
3.429591e+00  -1.511663e+01
3.430236e+00  -1.581560e+01
3.430881e+00  -1.486135e+01
3.431525e+00  -1.521354e+01
3.432167e+00  -1.461148e+01
3.432809e+00  -1.503745e+01
3.433450e+00  -1.486135e+01
3.434090e+00  -1.497050e+01
3.434729e+00  -1.456032e+01
3.435367e+00  -1.551457e+01
3.436004e+00  -1.581560e+01
3.436640e+00  -1.470165e+01
3.437275e+00  -1.477420e+01
3.437909e+00  -1.470165e+01
3.438542e+00  -1.461148e+01
3.439175e+00  -1.470165e+01
3.439806e+00  -1.581560e+01
3.440437e+00  -1.456032e+01
3.441066e+00  -1.470165e+01
3.441695e+00  -1.477420e+01
3.442323e+00  -1.463951e+01
3.442950e+00  -1.491251e+01
3.443576e+00  -1.451457e+01
3.444201e+00  -1.481560e+01
3.444825e+00  -1.470165e+01
3.445449e+00  -1.466947e+01
3.446071e+00  -1.497050e+01
3.446692e+00  -1.461148e+01
3.447313e+00  -1.521354e+01
3.447933e+00  -1.461148e+01
3.448552e+00  -1.481560e+01
3.449170e+00  -1.497050e+01
3.449787e+00  -1.470165e+01
3.450403e+00  -1.511663e+01
3.451018e+00  -1.456032e+01
3.451633e+00  -1.491251e+01
3.452247e+00  -1.491251e+01
3.452859e+00  -1.486135e+01
3.453471e+00  -1.551457e+01
3.454082e+00  -1.486135e+01
3.454692e+00  -1.581560e+01
3.455302e+00  -1.463951e+01
3.455910e+00  -1.461148e+01
3.456518e+00  -1.551457e+01
3.457125e+00  -1.445387e+01
3.457731e+00  -1.473642e+01
3.458336e+00  -1.466947e+01
3.458940e+00  -1.443539e+01
3.459543e+00  -1.453684e+01
3.460146e+00  -1.473642e+01
3.460748e+00  -1.477420e+01
3.461348e+00  -1.481560e+01
3.461948e+00  -1.551457e+01
3.462548e+00  -1.521354e+01
3.463146e+00  -1.503745e+01
3.463744e+00  -1.477420e+01
3.464340e+00  -1.458515e+01
3.464936e+00  -1.486135e+01
3.465532e+00  -1.521354e+01
3.466126e+00  -1.503745e+01
3.466719e+00  -1.581560e+01
3.467312e+00  -1.486135e+01
3.467904e+00  -1.486135e+01
3.468495e+00  -1.438423e+01
3.469085e+00  -inf
3.469675e+00  -1.432424e+01
3.470263e+00  -1.491251e+01
3.470851e+00  -1.521354e+01
3.471438e+00  -1.470165e+01
3.472025e+00  -1.533848e+01
3.472610e+00  -1.497050e+01
3.473195e+00  -1.470165e+01
3.473779e+00  -1.451457e+01
3.474362e+00  -1.511663e+01
3.474944e+00  -1.486135e+01
3.475526e+00  -1.503745e+01
3.476107e+00  -1.486135e+01
3.476687e+00  -1.491251e+01
3.477266e+00  -1.521354e+01
