0.477121  -1.995301e+00
6.989700e-01  -2.996924e+00
8.450980e-01  -3.750223e+00
9.542425e-01  -4.263667e+00
1.041393e+00  -4.656925e+00
1.113943e+00  -4.976526e+00
1.176091e+00  -5.245989e+00
1.230449e+00  -5.479022e+00
1.278754e+00  -5.684352e+00
1.322219e+00  -5.867892e+00
1.361728e+00  -6.033838e+00
1.397940e+00  -6.185275e+00
1.431364e+00  -6.324544e+00
1.462398e+00  -6.453456e+00
1.491362e+00  -6.573449e+00
1.518514e+00  -6.685678e+00
1.544068e+00  -6.791088e+00
1.568202e+00  -6.890462e+00
1.591065e+00  -6.984453e+00
1.612784e+00  -7.073615e+00
1.633468e+00  -7.158422e+00
1.653213e+00  -7.239278e+00
1.672098e+00  -7.316535e+00
1.690196e+00  -7.390501e+00
1.707570e+00  -7.461445e+00
1.724276e+00  -7.529604e+00
1.740363e+00  -7.595188e+00
1.755875e+00  -7.658385e+00
1.770852e+00  -7.719363e+00
1.785330e+00  -7.778273e+00
1.799341e+00  -7.835249e+00
1.812913e+00  -7.890416e+00
1.826075e+00  -7.943884e+00
1.838849e+00  -7.995755e+00
1.851258e+00  -8.046122e+00
1.863323e+00  -8.095069e+00
1.875061e+00  -8.142674e+00
1.886491e+00  -8.189010e+00
1.897627e+00  -8.234141e+00
1.908485e+00  -8.278130e+00
1.919078e+00  -8.321031e+00
1.929419e+00  -8.362899e+00
1.939519e+00  -8.403781e+00
1.949390e+00  -8.443723e+00
1.959041e+00  -8.482767e+00
1.968483e+00  -8.520953e+00
1.977724e+00  -8.558317e+00
1.986772e+00  -8.594895e+00
1.995635e+00  -8.630718e+00
2.004321e+00  -8.665817e+00
2.012837e+00  -8.700221e+00
2.021189e+00  -8.733957e+00
2.029384e+00  -8.767049e+00
2.037426e+00  -8.799524e+00
2.045323e+00  -8.831402e+00
2.053078e+00  -8.862706e+00
2.060698e+00  -8.893456e+00
2.068186e+00  -8.923670e+00
2.075547e+00  -8.953369e+00
2.082785e+00  -8.982568e+00
2.089905e+00  -9.011284e+00
2.096910e+00  -9.039533e+00
2.103804e+00  -9.067330e+00
2.110590e+00  -9.094689e+00
2.117271e+00  -9.121625e+00
2.123852e+00  -9.148148e+00
2.130334e+00  -9.174273e+00
2.136721e+00  -9.200011e+00
2.143015e+00  -9.225373e+00
2.149219e+00  -9.250370e+00
2.155336e+00  -9.275012e+00
2.161368e+00  -9.299310e+00
2.167317e+00  -9.323273e+00
2.173186e+00  -9.346909e+00
2.178977e+00  -9.370228e+00
2.184691e+00  -9.393239e+00
2.190332e+00  -9.415948e+00
2.195900e+00  -9.438364e+00
2.201397e+00  -9.460494e+00
2.206826e+00  -9.482348e+00
2.212188e+00  -9.503929e+00
2.217484e+00  -9.525245e+00
2.222716e+00  -9.546301e+00
2.227887e+00  -9.567109e+00
2.232996e+00  -9.587667e+00
2.238046e+00  -9.607986e+00
2.243038e+00  -9.628070e+00
2.247973e+00  -9.647924e+00
2.252853e+00  -9.667555e+00
2.257679e+00  -9.686964e+00
2.262451e+00  -9.706162e+00
2.267172e+00  -9.725148e+00
2.271842e+00  -9.743929e+00
2.276462e+00  -9.762509e+00
2.281033e+00  -9.780894e+00
2.285557e+00  -9.799084e+00
2.290035e+00  -9.817086e+00
2.294466e+00  -9.834904e+00
2.298853e+00  -9.852540e+00
2.303196e+00  -9.869999e+00
2.307496e+00  -9.887286e+00
2.311754e+00  -9.904403e+00
2.315970e+00  -9.921351e+00
2.320146e+00  -9.938134e+00
2.324282e+00  -9.954759e+00
2.328380e+00  -9.971227e+00
2.332438e+00  -9.987537e+00
2.336460e+00  -1.000370e+01
2.340444e+00  -1.001971e+01
2.344392e+00  -1.003557e+01
2.348305e+00  -1.005130e+01
2.352183e+00  -1.006688e+01
2.356026e+00  -1.008232e+01
2.359835e+00  -1.009763e+01
2.363612e+00  -1.011280e+01
2.367356e+00  -1.012784e+01
2.371068e+00  -1.014275e+01
2.374748e+00  -1.015753e+01
2.378398e+00  -1.017219e+01
2.382017e+00  -1.018673e+01
2.385606e+00  -1.020115e+01
2.389166e+00  -1.021545e+01
2.392697e+00  -1.022963e+01
2.396199e+00  -1.024369e+01
2.399674e+00  -1.025765e+01
2.403121e+00  -1.027149e+01
2.406540e+00  -1.028522e+01
2.409933e+00  -1.029884e+01
2.413300e+00  -1.031236e+01
2.416641e+00  -1.032578e+01
2.419956e+00  -1.033910e+01
2.423246e+00  -1.035230e+01
2.426511e+00  -1.036542e+01
2.429752e+00  -1.037842e+01
2.432969e+00  -1.039134e+01
2.436163e+00  -1.040416e+01
2.439333e+00  -1.041689e+01
2.442480e+00  -1.042952e+01
2.445604e+00  -1.044207e+01
2.448706e+00  -1.045453e+01
2.451786e+00  -1.046688e+01
2.454845e+00  -1.047915e+01
2.457882e+00  -1.049135e+01
2.460898e+00  -1.050346e+01
2.463893e+00  -1.051548e+01
2.466868e+00  -1.052743e+01
2.469822e+00  -1.053928e+01
2.472756e+00  -1.055106e+01
2.475671e+00  -1.056275e+01
2.478566e+00  -1.057438e+01
2.481443e+00  -1.058592e+01
2.484300e+00  -1.059739e+01
2.487138e+00  -1.060877e+01
2.489958e+00  -1.062010e+01
2.492760e+00  -1.063134e+01
2.495544e+00  -1.064250e+01
2.498311e+00  -1.065362e+01
2.501059e+00  -1.066465e+01
2.503791e+00  -1.067558e+01
2.506505e+00  -1.068648e+01
2.509203e+00  -1.069732e+01
2.511883e+00  -1.070806e+01
2.514548e+00  -1.071876e+01
2.517196e+00  -1.072940e+01
2.519828e+00  -1.073996e+01
2.522444e+00  -1.075045e+01
2.525045e+00  -1.076086e+01
2.527630e+00  -1.077124e+01
2.530200e+00  -1.078157e+01
2.532754e+00  -1.079182e+01
2.535294e+00  -1.080199e+01
2.537819e+00  -1.081212e+01
2.540329e+00  -1.082220e+01
2.542825e+00  -1.083219e+01
2.545307e+00  -1.084216e+01
2.547775e+00  -1.085206e+01
2.550228e+00  -1.086193e+01
2.552668e+00  -1.087170e+01
2.555094e+00  -1.088144e+01
2.557507e+00  -1.089113e+01
2.559907e+00  -1.090076e+01
2.562293e+00  -1.091030e+01
2.564666e+00  -1.091981e+01
2.567026e+00  -1.092929e+01
2.569374e+00  -1.093869e+01
2.571709e+00  -1.094806e+01
2.574031e+00  -1.095740e+01
2.576341e+00  -1.096665e+01
2.578639e+00  -1.097587e+01
2.580925e+00  -1.098501e+01
2.583199e+00  -1.099414e+01
2.585461e+00  -1.100323e+01
2.587711e+00  -1.101224e+01
2.589950e+00  -1.102121e+01
2.592177e+00  -1.103017e+01
2.594393e+00  -1.103908e+01
2.596597e+00  -1.104790e+01
2.598791e+00  -1.105665e+01
2.600973e+00  -1.106540e+01
2.603144e+00  -1.107415e+01
2.605305e+00  -1.108277e+01
2.607455e+00  -1.109143e+01
2.609594e+00  -1.110001e+01
2.611723e+00  -1.110853e+01
2.613842e+00  -1.111713e+01
2.615950e+00  -1.112551e+01
2.618048e+00  -1.113387e+01
2.620136e+00  -1.114226e+01
2.622214e+00  -1.115064e+01
2.624282e+00  -1.115887e+01
2.626340e+00  -1.116712e+01
2.628389e+00  -1.117533e+01
2.630428e+00  -1.118358e+01
2.632457e+00  -1.119166e+01
2.634477e+00  -1.119974e+01
2.636488e+00  -1.120781e+01
2.638489e+00  -1.121583e+01
2.640481e+00  -1.122388e+01
2.642465e+00  -1.123180e+01
2.644439e+00  -1.123966e+01
2.646404e+00  -1.124743e+01
2.648360e+00  -1.125540e+01
2.650308e+00  -1.126331e+01
2.652246e+00  -1.127101e+01
2.654177e+00  -1.127872e+01
2.656098e+00  -1.128637e+01
2.658011e+00  -1.129409e+01
2.659916e+00  -1.130177e+01
2.661813e+00  -1.130939e+01
2.663701e+00  -1.131698e+01
2.665581e+00  -1.132443e+01
2.667453e+00  -1.133207e+01
2.669317e+00  -1.133955e+01
2.671173e+00  -1.134697e+01
2.673021e+00  -1.135437e+01
2.674861e+00  -1.136167e+01
2.676694e+00  -1.136904e+01
2.678518e+00  -1.137647e+01
2.680336e+00  -1.138364e+01
2.682145e+00  -1.139091e+01
2.683947e+00  -1.139808e+01
2.685742e+00  -1.140526e+01
2.687529e+00  -1.141241e+01
2.689309e+00  -1.141966e+01
2.691081e+00  -1.142663e+01
2.692847e+00  -1.143378e+01
2.694605e+00  -1.144089e+01
2.696356e+00  -1.144796e+01
2.698101e+00  -1.145472e+01
2.699838e+00  -1.146182e+01
2.701568e+00  -1.146870e+01
2.703291e+00  -1.147561e+01
2.705008e+00  -1.148261e+01
2.706718e+00  -1.148940e+01
2.708421e+00  -1.149612e+01
2.710117e+00  -1.150295e+01
2.711807e+00  -1.150971e+01
2.713491e+00  -1.151659e+01
2.715167e+00  -1.152323e+01
2.716838e+00  -1.153002e+01
2.718502e+00  -1.153655e+01
2.720159e+00  -1.154322e+01
2.721811e+00  -1.154981e+01
2.723456e+00  -1.155651e+01
2.725095e+00  -1.156299e+01
2.726727e+00  -1.156962e+01
2.728354e+00  -1.157602e+01
2.729974e+00  -1.158273e+01
2.731589e+00  -1.158902e+01
2.733197e+00  -1.159546e+01
2.734800e+00  -1.160197e+01
2.736397e+00  -1.160829e+01
2.737987e+00  -1.161461e+01
2.739572e+00  -1.162086e+01
2.741152e+00  -1.162746e+01
2.742725e+00  -1.163372e+01
2.744293e+00  -1.164006e+01
2.745855e+00  -1.164592e+01
2.747412e+00  -1.165244e+01
2.748963e+00  -1.165856e+01
2.750508e+00  -1.166475e+01
2.752048e+00  -1.167124e+01
2.753583e+00  -1.167714e+01
2.755112e+00  -1.168350e+01
2.756636e+00  -1.168930e+01
2.758155e+00  -1.169525e+01
2.759668e+00  -1.170129e+01
2.761176e+00  -1.170774e+01
2.762679e+00  -1.171371e+01
2.764176e+00  -1.171949e+01
2.765669e+00  -1.172583e+01
2.767156e+00  -1.173134e+01
2.768638e+00  -1.173732e+01
2.770115e+00  -1.174346e+01
2.771587e+00  -1.174927e+01
2.773055e+00  -1.175531e+01
2.774517e+00  -1.176133e+01
2.775974e+00  -1.176704e+01
2.777427e+00  -1.177275e+01
2.778874e+00  -1.177821e+01
2.780317e+00  -1.178411e+01
2.781755e+00  -1.178980e+01
2.783189e+00  -1.179594e+01
2.784617e+00  -1.180150e+01
2.786041e+00  -1.180700e+01
2.787460e+00  -1.181321e+01
2.788875e+00  -1.181878e+01
2.790285e+00  -1.182437e+01
2.791691e+00  -1.182990e+01
2.793092e+00  -1.183537e+01
2.794488e+00  -1.184067e+01
2.795880e+00  -1.184693e+01
2.797268e+00  -1.185238e+01
2.798651e+00  -1.185804e+01
2.800029e+00  -1.186353e+01
2.801404e+00  -1.186880e+01
2.802774e+00  -1.187443e+01
2.804139e+00  -1.188009e+01
2.805501e+00  -1.188531e+01
2.806858e+00  -1.189054e+01
2.808211e+00  -1.189600e+01
2.809560e+00  -1.190147e+01
2.810904e+00  -1.190636e+01
2.812245e+00  -1.191283e+01
2.813581e+00  -1.191693e+01
2.814913e+00  -1.192295e+01
2.816241e+00  -1.192849e+01
2.817565e+00  -1.193393e+01
2.818885e+00  -1.193863e+01
2.820201e+00  -1.194414e+01
2.821514e+00  -1.194937e+01
2.822822e+00  -1.195496e+01
2.824126e+00  -1.196026e+01
2.825426e+00  -1.196513e+01
2.826723e+00  -1.196994e+01
2.828015e+00  -1.197530e+01
2.829304e+00  -1.198060e+01
2.830589e+00  -1.198559e+01
2.831870e+00  -1.199115e+01
2.833147e+00  -1.199546e+01
2.834421e+00  -1.200062e+01
2.835691e+00  -1.200604e+01
2.836957e+00  -1.201139e+01
2.838219e+00  -1.201660e+01
2.839478e+00  -1.202083e+01
2.840733e+00  -1.202623e+01
2.841985e+00  -1.203148e+01
2.843233e+00  -1.203665e+01
2.844477e+00  -1.204108e+01
2.845718e+00  -1.204585e+01
2.846955e+00  -1.205112e+01
2.848189e+00  -1.205593e+01
2.849419e+00  -1.206117e+01
2.850646e+00  -1.206594e+01
2.851870e+00  -1.207076e+01
2.853090e+00  -1.207587e+01
2.854306e+00  -1.208056e+01
2.855519e+00  -1.208514e+01
2.856729e+00  -1.209116e+01
2.857935e+00  -1.209502e+01
2.859138e+00  -1.210010e+01
2.860338e+00  -1.210404e+01
2.861534e+00  -1.211016e+01
2.862728e+00  -1.211394e+01
2.863917e+00  -1.211907e+01
2.865104e+00  -1.212390e+01
2.866287e+00  -1.212842e+01
2.867467e+00  -1.213336e+01
2.868644e+00  -1.213863e+01
2.869818e+00  -1.214248e+01
2.870989e+00  -1.214758e+01
2.872156e+00  -1.215152e+01
2.873321e+00  -1.215606e+01
2.874482e+00  -1.216123e+01
2.875640e+00  -1.216743e+01
2.876795e+00  -1.217017e+01
2.877947e+00  -1.217561e+01
2.879096e+00  -1.218082e+01
2.880242e+00  -1.218425e+01
2.881385e+00  -1.218905e+01
2.882525e+00  -1.219349e+01
2.883661e+00  -1.219849e+01
2.884795e+00  -1.220366e+01
2.885926e+00  -1.220696e+01
2.887054e+00  -1.221170e+01
2.888179e+00  -1.221582e+01
2.889302e+00  -1.221955e+01
2.890421e+00  -1.222498e+01
2.891537e+00  -1.222946e+01
2.892651e+00  -1.223331e+01
2.893762e+00  -1.223788e+01
2.894870e+00  -1.224331e+01
2.895975e+00  -1.224763e+01
2.897077e+00  -1.225212e+01
2.898176e+00  -1.225689e+01
2.899273e+00  -1.226111e+01
2.900367e+00  -1.226500e+01
2.901458e+00  -1.227091e+01
2.902547e+00  -1.227277e+01
2.903633e+00  -1.227841e+01
2.904716e+00  -1.228284e+01
2.905796e+00  -1.228668e+01
2.906874e+00  -1.229120e+01
2.907949e+00  -1.229485e+01
2.909021e+00  -1.230039e+01
2.910091e+00  -1.230438e+01
2.911158e+00  -1.230734e+01
2.912222e+00  -1.231358e+01
2.913284e+00  -1.231550e+01
2.914343e+00  -1.232075e+01
2.915400e+00  -1.232719e+01
2.916454e+00  -1.233002e+01
2.917506e+00  -1.233473e+01
2.918555e+00  -1.233833e+01
2.919601e+00  -1.234138e+01
2.920645e+00  -1.234607e+01
2.921686e+00  -1.235051e+01
2.922725e+00  -1.235230e+01
2.923762e+00  -1.235908e+01
2.924796e+00  -1.236167e+01
2.925828e+00  -1.236968e+01
2.926857e+00  -1.237124e+01
2.927883e+00  -1.237500e+01
2.928908e+00  -1.237959e+01
2.929930e+00  -1.238407e+01
2.930949e+00  -1.238811e+01
2.931966e+00  -1.239202e+01
2.932981e+00  -1.239630e+01
2.933993e+00  -1.239962e+01
2.935003e+00  -1.240381e+01
2.936011e+00  -1.240804e+01
2.937016e+00  -1.241265e+01
2.938019e+00  -1.241592e+01
2.939020e+00  -1.241922e+01
2.940018e+00  -1.242502e+01
2.941014e+00  -1.242714e+01
2.942008e+00  -1.243250e+01
2.943000e+00  -1.243774e+01
2.943989e+00  -1.243939e+01
2.944976e+00  -1.244471e+01
2.945961e+00  -1.244843e+01
2.946943e+00  -1.245274e+01
2.947924e+00  -1.245671e+01
2.948902e+00  -1.246110e+01
2.949878e+00  -1.246303e+01
2.950851e+00  -1.246632e+01
2.951823e+00  -1.247042e+01
2.952792e+00  -1.247515e+01
2.953760e+00  -1.247694e+01
2.954725e+00  -1.248296e+01
2.955688e+00  -1.248681e+01
2.956649e+00  -1.249070e+01
2.957607e+00  -1.249566e+01
2.958564e+00  -1.249984e+01
2.959518e+00  -1.250363e+01
2.960471e+00  -1.250554e+01
2.961421e+00  -1.251068e+01
2.962369e+00  -1.251500e+01
2.963316e+00  -1.251849e+01
2.964260e+00  -1.252025e+01
2.965202e+00  -1.252556e+01
2.966142e+00  -1.252981e+01
2.967080e+00  -1.253184e+01
2.968016e+00  -1.253411e+01
2.968950e+00  -1.254098e+01
2.969882e+00  -1.254469e+01
2.970812e+00  -1.254749e+01
2.971740e+00  -1.254984e+01
2.972666e+00  -1.255267e+01
2.973590e+00  -1.255936e+01
2.974512e+00  -1.256323e+01
2.975432e+00  -1.256664e+01
2.976350e+00  -1.256934e+01
2.977266e+00  -1.257430e+01
2.978181e+00  -1.257655e+01
2.979093e+00  -1.257805e+01
2.980003e+00  -1.258235e+01
2.980912e+00  -1.258771e+01
2.981819e+00  -1.259003e+01
2.982723e+00  -1.259158e+01
2.983626e+00  -1.260049e+01
2.984527e+00  -1.259943e+01
2.985426e+00  -1.260689e+01
2.986324e+00  -1.260608e+01
2.987219e+00  -1.261148e+01
2.988113e+00  -1.261612e+01
2.989005e+00  -1.262081e+01
2.989895e+00  -1.262219e+01
2.990783e+00  -1.262808e+01
2.991669e+00  -1.263375e+01
2.992554e+00  -1.263433e+01
2.993436e+00  -1.263748e+01
2.994317e+00  -1.264299e+01
2.995196e+00  -1.264592e+01
2.996074e+00  -1.264917e+01
2.996949e+00  -1.265124e+01
2.997823e+00  -1.265603e+01
2.998695e+00  -1.265723e+01
2.999565e+00  -1.266300e+01
3.000434e+00  -1.266361e+01
3.001301e+00  -1.266978e+01
3.002166e+00  -1.267383e+01
3.003029e+00  -1.267603e+01
3.003891e+00  -1.267761e+01
3.004751e+00  -1.268142e+01
3.005609e+00  -1.268494e+01
3.006466e+00  -1.269012e+01
3.007321e+00  -1.269371e+01
3.008174e+00  -1.269535e+01
3.009026e+00  -1.269866e+01
3.009876e+00  -1.270400e+01
3.010724e+00  -1.270737e+01
3.011570e+00  -1.270771e+01
3.012415e+00  -1.271077e+01
3.013259e+00  -1.271869e+01
3.014100e+00  -1.271661e+01
3.014940e+00  -1.272148e+01
3.015779e+00  -1.272817e+01
3.016616e+00  -1.273174e+01
3.017451e+00  -1.272888e+01
3.018284e+00  -1.274005e+01
3.019116e+00  -1.274261e+01
3.019947e+00  -1.274151e+01
3.020775e+00  -1.274964e+01
3.021603e+00  -1.275114e+01
3.022428e+00  -1.275264e+01
3.023252e+00  -1.275945e+01
3.024075e+00  -1.275945e+01
3.024896e+00  -1.276252e+01
3.025715e+00  -1.276871e+01
3.026533e+00  -1.277067e+01
3.027350e+00  -1.277737e+01
3.028164e+00  -1.277618e+01
3.028978e+00  -1.278017e+01
3.029789e+00  -1.278097e+01
3.030600e+00  -1.278097e+01
3.031408e+00  -1.278378e+01
3.032216e+00  -1.279773e+01
3.033021e+00  -1.279731e+01
3.033826e+00  -1.280360e+01
3.034628e+00  -1.280360e+01
3.035430e+00  -1.280276e+01
3.036230e+00  -1.281257e+01
3.037028e+00  -1.280913e+01
3.037825e+00  -1.281300e+01
3.038620e+00  -1.281821e+01
3.039414e+00  -1.282526e+01
3.040207e+00  -1.282615e+01
3.040998e+00  -1.282748e+01
3.041787e+00  -1.282659e+01
3.042576e+00  -1.283197e+01
3.043362e+00  -1.283833e+01
3.044148e+00  -1.283971e+01
3.044932e+00  -1.284479e+01
3.045714e+00  -1.284758e+01
3.046495e+00  -1.285323e+01
3.047275e+00  -1.285134e+01
3.048053e+00  -1.286039e+01
3.048830e+00  -1.286377e+01
3.049606e+00  -1.286039e+01
3.050380e+00  -1.286718e+01
3.051153e+00  -1.286816e+01
3.051924e+00  -1.287260e+01
3.052694e+00  -1.287458e+01
3.053463e+00  -1.287309e+01
3.054230e+00  -1.288160e+01
3.054996e+00  -1.288262e+01
3.055760e+00  -1.288363e+01
3.056524e+00  -1.289028e+01
3.057286e+00  -1.289600e+01
3.058046e+00  -1.289862e+01
3.058805e+00  -1.290337e+01
3.059563e+00  -1.290391e+01
3.060320e+00  -1.290711e+01
3.061075e+00  -1.291196e+01
3.061829e+00  -1.291251e+01
3.062582e+00  -1.291414e+01
3.063333e+00  -1.291578e+01
3.064083e+00  -1.292073e+01
3.064832e+00  -1.292406e+01
3.065580e+00  -1.292686e+01
3.066326e+00  -1.292911e+01
3.067071e+00  -1.293137e+01
3.067815e+00  -1.293880e+01
3.068557e+00  -1.293708e+01
3.069298e+00  -1.294578e+01
3.070038e+00  -1.294754e+01
3.070776e+00  -1.295406e+01
3.071514e+00  -1.295168e+01
3.072250e+00  -1.296251e+01
3.072985e+00  -1.295586e+01
3.073718e+00  -1.296373e+01
3.074451e+00  -1.296802e+01
3.075182e+00  -1.296741e+01
3.075912e+00  -1.296864e+01
3.076640e+00  -1.297112e+01
3.077368e+00  -1.297864e+01
3.078094e+00  -1.297864e+01
3.078819e+00  -1.297927e+01
3.079543e+00  -1.298694e+01
3.080266e+00  -1.298952e+01
3.080987e+00  -1.298887e+01
3.081707e+00  -1.299474e+01
3.082426e+00  -1.299936e+01
3.083144e+00  -1.299869e+01
3.083861e+00  -1.300335e+01
3.084576e+00  -1.299474e+01
3.085291e+00  -1.300671e+01
3.086004e+00  -1.301214e+01
3.086716e+00  -1.301902e+01
3.087426e+00  -1.301351e+01
3.088136e+00  -1.302461e+01
3.088845e+00  -1.302041e+01
3.089552e+00  -1.302111e+01
3.090258e+00  -1.303241e+01
3.090963e+00  -1.302321e+01
3.091667e+00  -1.303241e+01
3.092370e+00  -1.303098e+01
3.093071e+00  -1.304254e+01
3.093772e+00  -1.303456e+01
3.094471e+00  -1.304035e+01
3.095169e+00  -1.304918e+01
3.095866e+00  -1.305442e+01
3.096562e+00  -1.305217e+01
3.097257e+00  -1.305972e+01
3.097951e+00  -1.305744e+01
3.098644e+00  -1.305820e+01
3.099335e+00  -1.306125e+01
3.100026e+00  -1.307130e+01
3.100715e+00  -1.305972e+01
3.101403e+00  -1.307052e+01
3.102091e+00  -1.306509e+01
3.102777e+00  -1.306974e+01
3.103462e+00  -1.308887e+01
3.104146e+00  -1.308240e+01
3.104828e+00  -1.308000e+01
3.105510e+00  -1.309461e+01
3.106191e+00  -1.308481e+01
3.106871e+00  -1.309710e+01
3.107549e+00  -1.310043e+01
3.108227e+00  -1.309793e+01
3.108903e+00  -1.309959e+01
3.109579e+00  -1.310295e+01
3.110253e+00  -1.310973e+01
3.110926e+00  -1.311059e+01
3.111599e+00  -1.310973e+01
3.112270e+00  -1.311403e+01
3.112940e+00  -1.311489e+01
3.113609e+00  -1.312540e+01
3.114277e+00  -1.312540e+01
3.114944e+00  -1.312012e+01
3.115611e+00  -1.312896e+01
3.116276e+00  -1.313799e+01
3.116940e+00  -1.313075e+01
3.117603e+00  -1.314074e+01
3.118265e+00  -1.313982e+01
3.118926e+00  -1.314535e+01
3.119586e+00  -1.315284e+01
3.120245e+00  -1.313617e+01
3.120903e+00  -1.314074e+01
3.121560e+00  -1.315190e+01
3.122216e+00  -1.315096e+01
3.122871e+00  -1.314442e+01
3.123525e+00  -1.315568e+01
3.124178e+00  -1.315096e+01
3.124830e+00  -1.317116e+01
3.125481e+00  -1.315568e+01
3.126131e+00  -1.317116e+01
3.126781e+00  -1.316529e+01
3.127429e+00  -1.318213e+01
3.128076e+00  -1.317911e+01
3.128722e+00  -1.318619e+01
3.129368e+00  -1.318823e+01
3.130012e+00  -1.318721e+01
3.130655e+00  -1.318619e+01
3.131298e+00  -1.318926e+01
3.131939e+00  -1.319442e+01
3.132580e+00  -1.318213e+01
3.133219e+00  -1.319442e+01
3.133858e+00  -1.319546e+01
3.134496e+00  -1.321462e+01
3.135133e+00  -1.320600e+01
3.135769e+00  -1.321245e+01
3.136403e+00  -1.321354e+01
3.137037e+00  -1.320707e+01
3.137671e+00  -1.322901e+01
3.138303e+00  -1.321681e+01
3.138934e+00  -1.322120e+01
3.139564e+00  -1.322120e+01
3.140194e+00  -1.323811e+01
3.140822e+00  -1.324273e+01
3.141450e+00  -1.324157e+01
3.142076e+00  -1.323240e+01
3.142702e+00  -1.323240e+01
3.143327e+00  -1.324389e+01
3.143951e+00  -1.325093e+01
3.144574e+00  -1.323467e+01
3.145196e+00  -1.324389e+01
3.145818e+00  -1.324273e+01
3.146438e+00  -1.325212e+01
3.147058e+00  -1.324157e+01
3.147676e+00  -1.325929e+01
3.148294e+00  -1.325689e+01
3.148911e+00  -1.325212e+01
3.149527e+00  -1.325929e+01
3.150142e+00  -1.325929e+01
3.150756e+00  -1.325450e+01
3.151370e+00  -1.325809e+01
3.151982e+00  -1.327277e+01
3.152594e+00  -1.328030e+01
3.153205e+00  -1.327153e+01
3.153815e+00  -1.329185e+01
3.154424e+00  -1.328412e+01
3.155032e+00  -1.328540e+01
3.155640e+00  -1.328797e+01
3.156246e+00  -1.328157e+01
3.156852e+00  -1.328926e+01
3.157457e+00  -1.328412e+01
3.158061e+00  -1.328926e+01
3.158664e+00  -1.329446e+01
3.159266e+00  -1.331867e+01
3.159868e+00  -1.329708e+01
3.160469e+00  -1.330371e+01
3.161068e+00  -1.333993e+01
3.161667e+00  -1.331181e+01
3.162266e+00  -1.331729e+01
3.162863e+00  -1.330505e+01
3.163460e+00  -1.331045e+01
3.164055e+00  -1.332005e+01
3.164650e+00  -1.332424e+01
3.165244e+00  -1.332846e+01
3.165838e+00  -1.335021e+01
3.166430e+00  -1.336535e+01
3.167022e+00  -1.332424e+01
3.167613e+00  -1.334138e+01
3.168203e+00  -1.333415e+01
3.168792e+00  -1.335772e+01
3.169380e+00  -1.333415e+01
3.169968e+00  -1.335470e+01
3.170555e+00  -1.335620e+01
3.171141e+00  -1.335620e+01
3.171726e+00  -1.334284e+01
3.172311e+00  -1.337312e+01
3.172895e+00  -1.336535e+01
3.173478e+00  -1.335170e+01
3.174060e+00  -1.335772e+01
3.174641e+00  -1.335021e+01
3.175222e+00  -1.334431e+01
3.175802e+00  -1.336999e+01
3.176381e+00  -1.336535e+01
3.176959e+00  -1.339564e+01
3.177536e+00  -1.338103e+01
3.178113e+00  -1.336228e+01
3.178689e+00  -1.338746e+01
3.179264e+00  -1.338909e+01
3.179839e+00  -1.339730e+01
3.180413e+00  -1.337312e+01
3.180986e+00  -1.338584e+01
3.181558e+00  -1.340906e+01
3.182129e+00  -1.340230e+01
3.182700e+00  -1.338584e+01
3.183270e+00  -1.340398e+01
3.183839e+00  -1.337312e+01
3.184407e+00  -1.340230e+01
3.184975e+00  -1.340398e+01
3.185542e+00  -1.340906e+01
3.186108e+00  -1.341940e+01
3.186674e+00  -1.339235e+01
3.187239e+00  -1.340906e+01
3.187803e+00  -1.341248e+01
3.188366e+00  -1.338584e+01
3.188928e+00  -1.342115e+01
3.189490e+00  -1.343358e+01
3.190051e+00  -1.343539e+01
3.190612e+00  -1.342115e+01
3.191171e+00  -1.341766e+01
3.191730e+00  -1.342999e+01
3.192289e+00  -1.341940e+01
3.192846e+00  -1.342643e+01
3.193403e+00  -1.345766e+01
3.193959e+00  -1.347317e+01
3.194514e+00  -1.345576e+01
3.195069e+00  -1.342999e+01
3.195623e+00  -1.346924e+01
3.196176e+00  -1.345766e+01
3.196729e+00  -1.345011e+01
3.197281e+00  -1.345957e+01
3.197832e+00  -1.345766e+01
3.198382e+00  -1.346729e+01
3.198932e+00  -1.348722e+01
3.199481e+00  -1.345576e+01
3.200029e+00  -1.348518e+01
3.200577e+00  -1.345387e+01
3.201124e+00  -1.347714e+01
3.201670e+00  -1.346729e+01
3.202216e+00  -1.343539e+01
3.202761e+00  -1.349963e+01
3.203305e+00  -1.349963e+01
3.203848e+00  -1.347714e+01
3.204391e+00  -1.346535e+01
3.204934e+00  -1.348114e+01
3.205475e+00  -1.349963e+01
3.206016e+00  -1.347714e+01
3.206556e+00  -1.348722e+01
3.207096e+00  -1.349545e+01
3.207634e+00  -1.351893e+01
3.208173e+00  -1.346149e+01
3.208710e+00  -1.351240e+01
3.209247e+00  -1.347515e+01
3.209783e+00  -1.349338e+01
3.210319e+00  -1.346149e+01
3.210853e+00  -1.348316e+01
3.211388e+00  -1.349753e+01
3.211921e+00  -1.347714e+01
3.212454e+00  -1.355078e+01
3.212986e+00  -1.351893e+01
3.213518e+00  -1.350597e+01
3.214049e+00  -1.356032e+01
3.214579e+00  -1.351893e+01
3.215109e+00  -1.350597e+01
3.215638e+00  -1.354843e+01
3.216166e+00  -1.351457e+01
3.216694e+00  -1.353684e+01
3.217221e+00  -1.354376e+01
3.217747e+00  -1.352780e+01
3.218273e+00  -1.351457e+01
3.218798e+00  -1.351893e+01
3.219323e+00  -1.359029e+01
3.219846e+00  -1.352556e+01
3.220370e+00  -1.356518e+01
3.220892e+00  -1.354144e+01
3.221414e+00  -1.355792e+01
3.221936e+00  -1.355078e+01
3.222456e+00  -1.356518e+01
3.222976e+00  -1.353456e+01
3.223496e+00  -1.356274e+01
3.224015e+00  -1.355078e+01
3.224533e+00  -1.354376e+01
3.225051e+00  -1.357505e+01
3.225568e+00  -1.358771e+01
3.226084e+00  -1.361148e+01
3.226600e+00  -1.356762e+01
3.227115e+00  -1.358771e+01
3.227630e+00  -1.356762e+01
3.228144e+00  -1.357505e+01
3.228657e+00  -1.359029e+01
3.229170e+00  -1.356274e+01
3.229682e+00  -1.356518e+01
3.230193e+00  -1.358771e+01
3.230704e+00  -1.359549e+01
3.231215e+00  -1.356274e+01
3.231724e+00  -1.353914e+01
3.232234e+00  -1.357505e+01
3.232742e+00  -1.359288e+01
3.233250e+00  -1.357505e+01
3.233757e+00  -1.355078e+01
3.234264e+00  -1.363375e+01
3.234770e+00  -1.358771e+01
3.235276e+00  -1.360608e+01
3.235781e+00  -1.360608e+01
3.236285e+00  -1.363662e+01
3.236789e+00  -1.363091e+01
3.237292e+00  -1.360341e+01
3.237795e+00  -1.361420e+01
3.238297e+00  -1.359549e+01
3.238799e+00  -1.360608e+01
3.239299e+00  -1.362527e+01
3.239800e+00  -1.363662e+01
3.240300e+00  -1.361970e+01
3.240799e+00  -1.360877e+01
3.241297e+00  -1.365124e+01
3.241795e+00  -1.366026e+01
3.242293e+00  -1.365124e+01
3.242790e+00  -1.364534e+01
3.243286e+00  -1.366026e+01
3.243782e+00  -1.361694e+01
3.244277e+00  -1.366331e+01
3.244772e+00  -1.366947e+01
3.245266e+00  -1.366331e+01
3.245759e+00  -1.364241e+01
3.246252e+00  -1.365124e+01
3.246745e+00  -1.364828e+01
3.247237e+00  -1.361420e+01
3.247728e+00  -1.363951e+01
3.248219e+00  -1.363662e+01
3.248709e+00  -1.369502e+01
3.249198e+00  -1.366638e+01
3.249687e+00  -1.363091e+01
3.250176e+00  -1.363951e+01
3.250664e+00  -1.367572e+01
3.251151e+00  -1.370165e+01
3.251638e+00  -1.364828e+01
3.252125e+00  -1.367572e+01
3.252610e+00  -1.369175e+01
3.253096e+00  -1.368206e+01
3.253580e+00  -1.370165e+01
3.254064e+00  -1.368206e+01
3.254548e+00  -1.368526e+01
3.255031e+00  -1.365723e+01
3.255514e+00  -1.369502e+01
3.255996e+00  -1.371179e+01
3.256477e+00  -1.370165e+01
3.256958e+00  -1.371179e+01
3.257439e+00  -1.372924e+01
3.257918e+00  -1.369175e+01
3.258398e+00  -1.366331e+01
3.258877e+00  -1.368849e+01
3.259355e+00  -1.367888e+01
3.259833e+00  -1.371179e+01
3.260310e+00  -1.371523e+01
3.260787e+00  -1.375869e+01
3.261263e+00  -1.372218e+01
3.261739e+00  -1.369833e+01
3.262214e+00  -1.370501e+01
3.262688e+00  -1.372924e+01
3.263162e+00  -1.371869e+01
3.263636e+00  -1.372569e+01
3.264109e+00  -1.371523e+01
3.264582e+00  -1.371869e+01
3.265054e+00  -1.372924e+01
3.265525e+00  -1.368849e+01
3.265996e+00  -1.372569e+01
3.266467e+00  -1.375490e+01
3.266937e+00  -1.374741e+01
3.267406e+00  -1.374741e+01
3.267875e+00  -1.369502e+01
3.268344e+00  -1.375490e+01
3.268812e+00  -1.380276e+01
3.269279e+00  -1.377420e+01
3.269746e+00  -1.368526e+01
3.270213e+00  -1.372218e+01
3.270679e+00  -1.371179e+01
3.271144e+00  -1.374741e+01
3.271609e+00  -1.378217e+01
3.272074e+00  -1.375114e+01
3.272538e+00  -1.372569e+01
3.273001e+00  -1.378217e+01
3.273464e+00  -1.374372e+01
3.273927e+00  -1.375869e+01
3.274389e+00  -1.375869e+01
3.274850e+00  -1.376252e+01
3.275311e+00  -1.375490e+01
3.275772e+00  -1.376638e+01
3.276232e+00  -1.379029e+01
3.276692e+00  -1.377817e+01
3.277151e+00  -1.372924e+01
3.277609e+00  -1.377027e+01
3.278067e+00  -1.375114e+01
3.278525e+00  -1.381128e+01
3.278982e+00  -1.374005e+01
3.279439e+00  -1.377817e+01
3.279895e+00  -1.378621e+01
3.280351e+00  -1.380700e+01
3.280806e+00  -1.385656e+01
3.281261e+00  -1.381996e+01
3.281715e+00  -1.380276e+01
3.282169e+00  -1.381560e+01
3.282622e+00  -1.377027e+01
3.283075e+00  -1.383787e+01
3.283527e+00  -1.380276e+01
3.283979e+00  -1.388618e+01
3.284431e+00  -1.381560e+01
3.284882e+00  -1.378621e+01
3.285332e+00  -1.379029e+01
3.285782e+00  -1.380276e+01
3.286232e+00  -1.379856e+01
3.286681e+00  -1.379029e+01
3.287130e+00  -1.383787e+01
3.287578e+00  -1.379441e+01
3.288026e+00  -1.384711e+01
3.288473e+00  -1.386135e+01
3.288920e+00  -1.387608e+01
3.289366e+00  -1.385181e+01
3.289812e+00  -1.377817e+01
3.290257e+00  -1.384247e+01
3.290702e+00  -1.387111e+01
3.291147e+00  -1.382883e+01
3.291591e+00  -1.380276e+01
3.292034e+00  -1.383787e+01
3.292478e+00  -1.387111e+01
3.292920e+00  -1.379856e+01
3.293363e+00  -1.379856e+01
3.293804e+00  -1.380276e+01
3.294246e+00  -1.380276e+01
3.294687e+00  -1.376638e+01
3.295127e+00  -1.385181e+01
3.295567e+00  -1.380700e+01
3.296007e+00  -1.381996e+01
3.296446e+00  -1.384247e+01
3.296884e+00  -1.380700e+01
3.297323e+00  -1.385181e+01
3.297761e+00  -1.381996e+01
3.298198e+00  -1.386621e+01
3.298635e+00  -1.381560e+01
3.299071e+00  -1.382437e+01
3.299507e+00  -1.392350e+01
3.299943e+00  -1.385181e+01
3.300378e+00  -1.386621e+01
3.300813e+00  -1.386135e+01
3.301247e+00  -1.387111e+01
3.301681e+00  -1.381560e+01
3.302114e+00  -1.398952e+01
3.302547e+00  -1.387111e+01
3.302980e+00  -1.387111e+01
3.303412e+00  -1.392350e+01
3.303844e+00  -1.395227e+01
3.304275e+00  -1.386135e+01
3.304706e+00  -1.389132e+01
3.305136e+00  -1.398309e+01
3.305566e+00  -1.385656e+01
3.305996e+00  -1.379441e+01
3.306425e+00  -1.388618e+01
3.306854e+00  -1.389652e+01
3.307282e+00  -1.391251e+01
3.307710e+00  -1.386135e+01
3.308137e+00  -1.387608e+01
3.308564e+00  -1.393478e+01
3.308991e+00  -1.392911e+01
3.309417e+00  -1.389652e+01
3.309843e+00  -1.388110e+01
3.310268e+00  -1.387608e+01
3.310693e+00  -1.400268e+01
3.311118e+00  -1.385656e+01
3.311542e+00  -1.391797e+01
3.311966e+00  -1.390178e+01
3.312389e+00  -1.394637e+01
3.312812e+00  -1.394054e+01
3.313234e+00  -1.403745e+01
3.313656e+00  -1.394054e+01
3.314078e+00  -1.391797e+01
3.314499e+00  -1.395826e+01
3.314920e+00  -1.395227e+01
3.315340e+00  -1.386135e+01
3.315760e+00  -1.389132e+01
3.316180e+00  -1.391251e+01
3.316599e+00  -1.395826e+01
3.317018e+00  -1.395826e+01
3.317436e+00  -1.391251e+01
3.317854e+00  -1.398309e+01
3.318272e+00  -1.398952e+01
3.318689e+00  -1.395826e+01
3.319106e+00  -1.394054e+01
3.319522e+00  -1.399605e+01
3.319938e+00  -1.389652e+01
3.320354e+00  -1.394637e+01
3.320769e+00  -1.387608e+01
3.321184e+00  -1.387608e+01
3.321598e+00  -1.389132e+01
3.322012e+00  -1.402321e+01
3.322426e+00  -1.397675e+01
3.322839e+00  -1.398952e+01
3.323252e+00  -1.389652e+01
3.323665e+00  -1.381560e+01
3.324077e+00  -1.402321e+01
3.324488e+00  -1.388110e+01
3.324899e+00  -1.397675e+01
3.325310e+00  -1.397675e+01
3.325721e+00  -1.401626e+01
3.326131e+00  -1.404474e+01
3.326541e+00  -1.394637e+01
3.326950e+00  -1.396434e+01
3.327359e+00  -1.397050e+01
3.327767e+00  -1.394637e+01
3.328176e+00  -1.392911e+01
3.328583e+00  -1.405217e+01
3.328991e+00  -1.405217e+01
3.329398e+00  -1.395227e+01
3.329805e+00  -1.397675e+01
3.330211e+00  -1.397050e+01
3.330617e+00  -1.395826e+01
3.331022e+00  -1.400268e+01
3.331427e+00  -1.409132e+01
3.331832e+00  -1.392911e+01
3.332236e+00  -1.408320e+01
3.332640e+00  -1.397050e+01
3.333044e+00  -1.398309e+01
3.333447e+00  -1.398952e+01
3.333850e+00  -1.403745e+01
3.334253e+00  -1.399605e+01
3.334655e+00  -1.397050e+01
3.335057e+00  -1.400268e+01
3.335458e+00  -1.400268e+01
3.335859e+00  -1.411663e+01
3.336260e+00  -1.398952e+01
3.336660e+00  -1.407523e+01
3.337060e+00  -1.400268e+01
3.337459e+00  -1.398309e+01
3.337858e+00  -1.401626e+01
3.338257e+00  -1.409132e+01
3.338656e+00  -1.398952e+01
3.339054e+00  -1.407523e+01
3.339451e+00  -1.405972e+01
3.339849e+00  -1.403745e+01
3.340246e+00  -1.399605e+01
3.340642e+00  -1.404474e+01
3.341039e+00  -1.399605e+01
3.341435e+00  -1.401626e+01
3.341830e+00  -1.404474e+01
3.342225e+00  -1.405217e+01
3.342620e+00  -1.403027e+01
3.343014e+00  -1.405972e+01
3.343409e+00  -1.401626e+01
3.343802e+00  -1.395826e+01
3.344196e+00  -1.410803e+01
3.344589e+00  -1.407523e+01
3.344981e+00  -1.400942e+01
3.345374e+00  -1.398952e+01
3.345766e+00  -1.403745e+01
3.346157e+00  -1.408320e+01
3.346549e+00  -1.398952e+01
3.346939e+00  -1.408320e+01
3.347330e+00  -1.412540e+01
3.347720e+00  -1.404474e+01
3.348110e+00  -1.404474e+01
3.348500e+00  -1.416238e+01
3.348889e+00  -1.407523e+01
3.349278e+00  -1.399605e+01
3.349666e+00  -1.410803e+01
3.350054e+00  -1.405972e+01
3.350442e+00  -1.405972e+01
3.350829e+00  -1.420281e+01
3.351216e+00  -1.419235e+01
3.351603e+00  -1.404474e+01
3.351989e+00  -1.411663e+01
3.352375e+00  -1.412540e+01
3.352761e+00  -1.409132e+01
3.353147e+00  -1.410803e+01
3.353532e+00  -1.399605e+01
3.353916e+00  -1.396434e+01
3.354301e+00  -1.409959e+01
3.354685e+00  -1.411663e+01
3.355068e+00  -1.405972e+01
3.355452e+00  -1.405972e+01
3.355834e+00  -1.417214e+01
3.356217e+00  -1.410803e+01
3.356599e+00  -1.395826e+01
3.356981e+00  -1.401626e+01
3.357363e+00  -1.417214e+01
3.357744e+00  -1.405972e+01
3.358125e+00  -1.418213e+01
3.358506e+00  -1.405217e+01
3.358886e+00  -1.420281e+01
3.359266e+00  -1.418213e+01
3.359646e+00  -1.421354e+01
3.360025e+00  -1.410803e+01
3.360404e+00  -1.400942e+01
3.360783e+00  -1.403027e+01
3.361161e+00  -1.407523e+01
3.361539e+00  -1.412540e+01
3.361917e+00  -1.409959e+01
3.362294e+00  -1.412540e+01
3.362671e+00  -1.410803e+01
3.363048e+00  -1.398309e+01
3.363424e+00  -1.422453e+01
3.363800e+00  -1.421354e+01
3.364176e+00  -1.425929e+01
3.364551e+00  -1.403027e+01
3.364926e+00  -1.411663e+01
3.365301e+00  -1.409132e+01
3.365675e+00  -1.423581e+01
3.366049e+00  -1.411663e+01
3.366423e+00  -1.409959e+01
3.366796e+00  -1.415284e+01
3.367169e+00  -1.431045e+01
3.367542e+00  -1.401626e+01
3.367915e+00  -1.409959e+01
3.368287e+00  -1.404474e+01
3.368659e+00  -1.413436e+01
3.369030e+00  -1.404474e+01
3.369401e+00  -1.414350e+01
3.369772e+00  -1.429708e+01
3.370143e+00  -1.425929e+01
3.370513e+00  -1.402321e+01
3.370883e+00  -1.407523e+01
3.371253e+00  -1.412540e+01
3.371622e+00  -1.422453e+01
3.371991e+00  -1.421354e+01
3.372360e+00  -1.413436e+01
3.372728e+00  -1.410803e+01
3.373096e+00  -1.410803e+01
3.373464e+00  -1.428412e+01
3.373831e+00  -1.422453e+01
3.374198e+00  -1.418213e+01
3.374565e+00  -1.412540e+01
3.374932e+00  -1.433848e+01
3.375298e+00  -1.410803e+01
3.375664e+00  -1.412540e+01
3.376029e+00  -1.425929e+01
3.376394e+00  -1.435320e+01
3.376759e+00  -1.418213e+01
3.377124e+00  -1.412540e+01
3.377488e+00  -1.429708e+01
3.377852e+00  -1.418213e+01
3.378216e+00  -1.414350e+01
3.378580e+00  -1.428412e+01
3.378943e+00  -1.419235e+01
3.379306e+00  -1.405217e+01
3.379668e+00  -1.401626e+01
3.380030e+00  -1.409132e+01
3.380392e+00  -1.415284e+01
3.380754e+00  -1.413436e+01
3.381115e+00  -1.451457e+01
3.381476e+00  -1.424740e+01
3.381837e+00  -1.421354e+01
3.382197e+00  -1.425929e+01
3.382557e+00  -1.416238e+01
3.382917e+00  -1.412540e+01
3.383277e+00  -1.422453e+01
3.383636e+00  -1.447317e+01
3.383995e+00  -1.423581e+01
3.384353e+00  -1.419235e+01
3.384712e+00  -1.405972e+01
3.385070e+00  -1.409959e+01
3.385428e+00  -1.428412e+01
3.385785e+00  -1.412540e+01
3.386142e+00  -1.423581e+01
3.386499e+00  -1.421354e+01
3.386856e+00  -1.433848e+01
3.387212e+00  -1.411663e+01
3.387568e+00  -1.423581e+01
3.387923e+00  -1.411663e+01
3.388279e+00  -1.425929e+01
3.388634e+00  -1.428412e+01
3.388989e+00  -1.425929e+01
3.389343e+00  -1.409132e+01
3.389698e+00  -1.427153e+01
3.390051e+00  -1.427153e+01
3.390405e+00  -1.429708e+01
3.390759e+00  -1.418213e+01
3.391112e+00  -1.416238e+01
3.391464e+00  -1.425929e+01
3.391817e+00  -1.418213e+01
3.392169e+00  -1.409132e+01
3.392521e+00  -1.428412e+01
3.392873e+00  -1.424740e+01
3.393224e+00  -1.428412e+01
3.393575e+00  -1.449338e+01
3.393926e+00  -1.414350e+01
3.394277e+00  -1.419235e+01
3.394627e+00  -1.432424e+01
3.394977e+00  -1.423581e+01
3.395326e+00  -1.413436e+01
3.395676e+00  -1.431045e+01
3.396025e+00  -1.418213e+01
3.396374e+00  -1.422453e+01
3.396722e+00  -1.424740e+01
3.397071e+00  -1.420281e+01
3.397419e+00  -1.420281e+01
3.397766e+00  -1.420281e+01
3.398114e+00  -1.423581e+01
3.398461e+00  -1.433848e+01
3.398808e+00  -1.423581e+01
3.399154e+00  -1.427153e+01
3.399501e+00  -1.410803e+01
3.399847e+00  -1.421354e+01
3.400192e+00  -1.421354e+01
3.400538e+00  -1.417214e+01
3.400883e+00  -1.414350e+01
3.401228e+00  -1.440062e+01
3.401573e+00  -1.433848e+01
3.401917e+00  -1.425929e+01
3.402261e+00  -1.414350e+01
3.402605e+00  -1.440062e+01
3.402949e+00  -1.441766e+01
3.403292e+00  -1.438423e+01
3.403635e+00  -1.419235e+01
3.403978e+00  -1.419235e+01
3.404320e+00  -1.431045e+01
3.404663e+00  -1.419235e+01
3.405005e+00  -1.443539e+01
3.405346e+00  -1.431045e+01
3.405688e+00  -1.419235e+01
3.406029e+00  -1.436844e+01
3.406370e+00  -1.421354e+01
3.406710e+00  -1.440062e+01
3.407051e+00  -1.451457e+01
3.407391e+00  -1.414350e+01
3.407731e+00  -1.438423e+01
3.408070e+00  -1.429708e+01
3.408410e+00  -1.424740e+01
3.408749e+00  -1.486135e+01
3.409087e+00  -1.419235e+01
3.409426e+00  -1.436844e+01
3.409764e+00  -1.463951e+01
3.410102e+00  -1.421354e+01
3.410440e+00  -1.443539e+01
3.410777e+00  -1.427153e+01
3.411114e+00  -1.427153e+01
3.411451e+00  -1.441766e+01
3.411788e+00  -1.438423e+01
3.412124e+00  -1.466947e+01
3.412461e+00  -1.438423e+01
3.412796e+00  -1.412540e+01
3.413132e+00  -1.432424e+01
3.413467e+00  -1.417214e+01
3.413803e+00  -1.423581e+01
3.414137e+00  -1.422453e+01
3.414472e+00  -1.445387e+01
3.414806e+00  -1.413436e+01
3.415140e+00  -1.473642e+01
3.415474e+00  -1.458515e+01
3.415808e+00  -1.425929e+01
3.416141e+00  -1.451457e+01
3.416474e+00  -1.438423e+01
3.416807e+00  -1.438423e+01
3.417139e+00  -1.421354e+01
3.417472e+00  -1.431045e+01
3.417804e+00  -1.466947e+01
3.418135e+00  -1.433848e+01
3.418467e+00  -1.433848e+01
3.418798e+00  -1.441766e+01
3.419129e+00  -1.440062e+01
3.419460e+00  -1.420281e+01
3.419791e+00  -1.463951e+01
3.420121e+00  -1.438423e+01
3.420451e+00  -1.410803e+01
3.420781e+00  -1.433848e+01
3.421110e+00  -1.451457e+01
3.421439e+00  -1.456032e+01
3.421768e+00  -1.440062e+01
3.422097e+00  -1.428412e+01
3.422426e+00  -1.456032e+01
3.422754e+00  -1.422453e+01
3.423082e+00  -1.414350e+01
3.423410e+00  -1.435320e+01
3.423737e+00  -1.445387e+01
3.424065e+00  -1.458515e+01
3.424392e+00  -1.436844e+01
3.424718e+00  -1.443539e+01
3.425045e+00  -1.441766e+01
3.425371e+00  -1.422453e+01
3.425697e+00  -1.417214e+01
3.426023e+00  -1.438423e+01
3.426349e+00  -1.436844e+01
3.426674e+00  -1.421354e+01
3.426999e+00  -1.417214e+01
3.427324e+00  -1.445387e+01
3.427648e+00  -1.424740e+01
3.427973e+00  -1.413436e+01
3.428297e+00  -1.441766e+01
3.428621e+00  -1.433848e+01
3.428944e+00  -1.470165e+01
3.429268e+00  -1.422453e+01
3.429591e+00  -1.427153e+01
3.429914e+00  -1.418213e+01
3.430236e+00  -1.429708e+01
3.430559e+00  -1.443539e+01
3.430881e+00  -1.432424e+01
3.431203e+00  -1.435320e+01
3.431525e+00  -1.456032e+01
3.431846e+00  -1.438423e+01
3.432167e+00  -1.466947e+01
3.432488e+00  -1.458515e+01
3.432809e+00  -1.447317e+01
3.433130e+00  -1.440062e+01
3.433450e+00  -1.445387e+01
3.433770e+00  -1.431045e+01
3.434090e+00  -1.432424e+01
3.434409e+00  -1.461148e+01
3.434729e+00  -1.440062e+01
3.435048e+00  -1.449338e+01
3.435367e+00  -1.453684e+01
3.435685e+00  -1.477420e+01
3.436004e+00  -1.402321e+01
3.436322e+00  -1.440062e+01
3.436640e+00  -1.445387e+01
3.436957e+00  -1.449338e+01
3.437275e+00  -1.433848e+01
3.437592e+00  -1.449338e+01
3.437909e+00  -1.449338e+01
3.438226e+00  -1.418213e+01
3.438542e+00  -1.417214e+01
3.438859e+00  -1.449338e+01
3.439175e+00  -1.428412e+01
3.439491e+00  -1.441766e+01
3.439806e+00  -1.433848e+01
3.440122e+00  -1.466947e+01
3.440437e+00  -1.473642e+01
3.440752e+00  -1.449338e+01
3.441066e+00  -1.429708e+01
3.441381e+00  -1.438423e+01
3.441695e+00  -1.441766e+01
3.442009e+00  -1.497050e+01
3.442323e+00  -1.458515e+01
3.442637e+00  -1.458515e+01
3.442950e+00  -1.441766e+01
3.443263e+00  -1.491251e+01
3.443576e+00  -1.451457e+01
3.443889e+00  -1.449338e+01
3.444201e+00  -1.438423e+01
3.444513e+00  -1.491251e+01
3.444825e+00  -1.445387e+01
3.445137e+00  -1.440062e+01
3.445449e+00  -1.423581e+01
3.445760e+00  -1.421354e+01
3.446071e+00  -1.453684e+01
3.446382e+00  -1.466947e+01
3.446692e+00  -1.440062e+01
3.447003e+00  -1.420281e+01
3.447313e+00  -1.436844e+01
3.447623e+00  -1.441766e+01
3.447933e+00  -1.447317e+01
3.448242e+00  -1.481560e+01
3.448552e+00  -1.436844e+01
3.448861e+00  -1.453684e+01
3.449170e+00  -1.433848e+01
3.449478e+00  -1.461148e+01
3.449787e+00  -1.473642e+01
3.450095e+00  -1.445387e+01
3.450403e+00  -1.453684e+01
3.450711e+00  -1.447317e+01
3.451018e+00  -1.453684e+01
3.451326e+00  -1.551457e+01
3.451633e+00  -1.481560e+01
3.451940e+00  -1.427153e+01
3.452247e+00  -1.436844e+01
3.452553e+00  -1.458515e+01
3.452859e+00  -1.463951e+01
3.453165e+00  -1.481560e+01
3.453471e+00  -1.429708e+01
3.453777e+00  -1.470165e+01
3.454082e+00  -1.435320e+01
3.454387e+00  -1.456032e+01
3.454692e+00  -1.445387e+01
3.454997e+00  -1.435320e+01
3.455302e+00  -1.441766e+01
3.455606e+00  -1.432424e+01
3.455910e+00  -1.436844e+01
3.456214e+00  -1.451457e+01
3.456518e+00  -1.453684e+01
3.456821e+00  -1.441766e+01
3.457125e+00  -1.447317e+01
3.457428e+00  -1.443539e+01
3.457731e+00  -1.422453e+01
3.458033e+00  -1.466947e+01
3.458336e+00  -1.440062e+01
3.458638e+00  -1.481560e+01
3.458940e+00  -1.433848e+01
3.459242e+00  -1.447317e+01
3.459543e+00  -1.429708e+01
3.459845e+00  -1.449338e+01
3.460146e+00  -1.451457e+01
3.460447e+00  -1.463951e+01
3.460748e+00  -1.463951e+01
3.461048e+00  -1.435320e+01
3.461348e+00  -1.458515e+01
3.461649e+00  -1.445387e+01
3.461948e+00  -1.425929e+01
3.462248e+00  -1.449338e+01
3.462548e+00  -1.441766e+01
3.462847e+00  -1.436844e+01
3.463146e+00  -1.458515e+01
3.463445e+00  -1.456032e+01
3.463744e+00  -1.486135e+01
3.464042e+00  -1.456032e+01
3.464340e+00  -1.581560e+01
3.464639e+00  -1.581560e+01
3.464936e+00  -1.481560e+01
3.465234e+00  -1.436844e+01
3.465532e+00  -1.438423e+01
3.465829e+00  -1.447317e+01
3.466126e+00  -1.463951e+01
3.466423e+00  -1.466947e+01
3.466719e+00  -1.481560e+01
3.467016e+00  -1.445387e+01
3.467312e+00  -1.428412e+01
3.467608e+00  -1.458515e+01
3.467904e+00  -1.447317e+01
3.468200e+00  -1.463951e+01
3.468495e+00  -1.461148e+01
3.468790e+00  -1.477420e+01
3.469085e+00  -1.521354e+01
3.469380e+00  -1.470165e+01
3.469675e+00  -1.431045e+01
3.469969e+00  -1.445387e+01
3.470263e+00  -1.441766e+01
3.470557e+00  -1.461148e+01
3.470851e+00  -1.447317e+01
3.471145e+00  -1.447317e+01
3.471438e+00  -1.497050e+01
3.471732e+00  -1.447317e+01
3.472025e+00  -1.428412e+01
3.472318e+00  -1.447317e+01
3.472610e+00  -1.461148e+01
3.472903e+00  -1.533848e+01
3.473195e+00  -1.461148e+01
3.473487e+00  -1.432424e+01
3.473779e+00  -1.445387e+01
3.474071e+00  -1.473642e+01
3.474362e+00  -1.481560e+01
3.474653e+00  -1.486135e+01
3.474944e+00  -1.447317e+01
3.475235e+00  -1.447317e+01
3.475526e+00  -1.443539e+01
3.475816e+00  -1.477420e+01
3.476107e+00  -1.449338e+01
3.476397e+00  -1.581560e+01
3.476687e+00  -1.432424e+01
3.476976e+00  -1.551457e+01
3.477266e+00  -1.451457e+01
